TASMANIAN SG 4.0
WARNING: do not edit this manually
localpolynomial
2 1 1 1
localp
1 2 5 0 0 0 1 0 2 1 0 2 0
1  1.46202463147208728e+00 -3.12664345812100386e+00 1.07946693301629826e+00 -3.12664346019944794e+00 1.07946692566897240e+00
0
0
1 0
0 4 4 4 4 4
3 4 1 2
1 5 1 1.46202463147208728e+00 -1.66461882664891681e+00 2.54149156448838554e+00 -1.66461882872736089e+00 2.54149155714105968e+00
custom
2.00000000000000011e-01 3.00000000000000000e+00
2.00000000000000011e-01 3.00000000000000000e+00
TASMANIAN SG end
