TASMANIAN SG 4.0
WARNING: do not edit this manually
localpolynomial
2 1 1 1
localp
1 2 5 0 0 0 1 0 2 1 0 2 0
1  1.63672670016118182e+00 -3.14667457671604023e+00 1.01694731451815423e+00 -3.14667457697494424e+00 1.01694730240211495e+00
0
0
1 0
0 4 4 4 4 4
3 4 1 2
1 5 1 1.63672670016118182e+00 -1.50994787655485840e+00 2.65367401467933606e+00 -1.50994787681376241e+00 2.65367400256329677e+00
custom
2.00000000000000011e-01 3.00000000000000000e+00
2.00000000000000011e-01 3.00000000000000000e+00
TASMANIAN SG end
