TASMANIAN SG 4.0
WARNING: do not edit this manually
localpolynomial
2 1 1 1
localp
1 2 5 0 0 0 1 0 2 1 0 2 0
1  1.63563619039625863e+00 -3.19616000682931478e+00 9.88636587409838619e-01 -3.19616000688460833e+00 9.88636586669692896e-01
0
0
1 0
0 4 4 4 4 4
3 4 1 2
1 5 1 1.63563619039625863e+00 -1.56052381643305593e+00 2.62427277780609725e+00 -1.56052381648834992e+00 2.62427277706595152e+00
custom
2.00000000000000011e-01 3.00000000000000000e+00
2.00000000000000011e-01 3.00000000000000000e+00
TASMANIAN SG end
