TASMANIAN SG 4.0
WARNING: do not edit this manually
localpolynomial
2 1 1 1
localp
1 2 5 0 0 0 1 0 2 1 0 2 0
1  1.45936580715426700e+00 -3.25048329456479390e+00 1.01308088527039608e+00 -3.25048329450416640e+00 1.01308088442982758e+00
0
0
1 0
0 4 4 4 4 4
3 4 1 2
1 5 1 1.45936580715426700e+00 -1.79111748741052690e+00 2.47244669242466308e+00 -1.79111748734989940e+00 2.47244669158409458e+00
custom
2.00000000000000011e-01 3.00000000000000000e+00
2.00000000000000011e-01 3.00000000000000000e+00
TASMANIAN SG end
