TASMANIAN SG 4.0
WARNING: do not edit this manually
localpolynomial
2 1 1 1
localp
1 2 5 0 0 0 1 0 2 1 0 2 0
1  1.55333472715138132e+00 -3.13159991884973188e+00 1.05015014055124078e+00 -3.13159992169537826e+00 1.05015013023995252e+00
0
0
1 0
0 4 4 4 4 4
3 4 1 2
1 5 1 1.55333472715138132e+00 -1.57826519169835078e+00 2.60348486770262211e+00 -1.57826519454399694e+00 2.60348485739133384e+00
custom
2.00000000000000011e-01 3.00000000000000000e+00
2.00000000000000011e-01 3.00000000000000000e+00
TASMANIAN SG end
