TASMANIAN SG 4.0
WARNING: do not edit this manually
localpolynomial
2 1 1 1
localp
1 2 5 0 0 0 1 0 2 1 0 2 0
1  6.44534998986953656e-01 -3.79601589053807098e+00 1.00802165845302438e+00 -3.79601589070596201e+00 1.00802165858926873e+00
0
0
1 0
0 4 4 4 4 4
3 4 1 2
1 5 1 6.44534998986953656e-01 -3.15148089155111721e+00 1.65255665743997793e+00 -3.15148089171900825e+00 1.65255665757622250e+00
custom
2.00000000000000011e-01 3.00000000000000000e+00
2.00000000000000011e-01 3.00000000000000000e+00
TASMANIAN SG end
