TASMANIAN SG 4.0
WARNING: do not edit this manually
localpolynomial
2 1 1 1
localp
1 2 5 0 0 0 1 0 2 1 0 2 0
1  1.55137176228424911e+00 -3.22262978201241257e+00 1.00024214849961313e+00 -3.22262978196135075e+00 1.00024214930598676e+00
0
0
1 0
0 4 4 4 4 4
3 4 1 2
1 5 1 1.55137176228424911e+00 -1.67125801972816368e+00 2.55161391078386224e+00 -1.67125801967710164e+00 2.55161391159023587e+00
custom
2.00000000000000011e-01 3.00000000000000000e+00
2.00000000000000011e-01 3.00000000000000000e+00
TASMANIAN SG end
