TASMANIAN SG 4.0
WARNING: do not edit this manually
localpolynomial
2 1 1 1
localp
1 2 5 0 0 0 1 0 2 1 0 2 0
1  1.36036353235649821e+00 -3.19065627900101045e+00 1.07731229924013339e+00 -3.19065628185973349e+00 1.07731228875476392e+00
0
0
1 0
0 4 4 4 4 4
3 4 1 2
1 5 1 1.36036353235649821e+00 -1.83029274664451247e+00 2.43767583159663159e+00 -1.83029274950323506e+00 2.43767582111126213e+00
custom
2.00000000000000011e-01 3.00000000000000000e+00
2.00000000000000011e-01 3.00000000000000000e+00
TASMANIAN SG end
