TASMANIAN SG 4.0
WARNING: do not edit this manually
localpolynomial
2 1 1 1
localp
1 2 5 0 0 0 1 0 2 1 0 2 0
1  1.63427192174002323e+00 -3.25743707867280552e+00 9.51527184050859676e-01 -3.25743707859389353e+00 9.51527184450941865e-01
0
0
1 0
0 4 4 4 4 4
3 4 1 2
1 5 1 1.63427192174002323e+00 -1.62316515693278229e+00 2.58579910579088290e+00 -1.62316515685387053e+00 2.58579910619096509e+00
custom
2.00000000000000011e-01 3.00000000000000000e+00
2.00000000000000011e-01 3.00000000000000000e+00
TASMANIAN SG end
