TASMANIAN SG 4.0
WARNING: do not edit this manually
localpolynomial
2 1 1 1
localp
1 2 5 0 0 0 1 0 2 1 0 2 0
1  1.71509709066343019e+00 -3.07987577175582761e+00 1.02800107739923829e+00 -3.07987577470721652e+00 1.02800106667592495e+00
0
0
1 0
0 4 4 4 4 4
3 4 1 2
1 5 1 1.71509709066343019e+00 -1.36477868109239764e+00 2.74309816806266848e+00 -1.36477868404378633e+00 2.74309815733935514e+00
custom
2.00000000000000011e-01 3.00000000000000000e+00
2.00000000000000011e-01 3.00000000000000000e+00
TASMANIAN SG end
