TASMANIAN SG 4.0
WARNING: do not edit this manually
localpolynomial
2 1 1 1
localp
1 2 5 0 0 0 1 0 2 1 0 2 0
1  1.46132795197030640e+00 -3.15945261164347535e+00 1.06298949567359058e+00 -3.15945261441331482e+00 1.06298949068925452e+00
0
0
1 0
0 4 4 4 4 4
3 4 1 2
1 5 1 1.46132795197030640e+00 -1.69812465967316895e+00 2.52431744764389698e+00 -1.69812466244300841e+00 2.52431744265956093e+00
custom
2.00000000000000011e-01 3.00000000000000000e+00
2.00000000000000011e-01 3.00000000000000000e+00
TASMANIAN SG end
