TASMANIAN SG 4.0
WARNING: do not edit this manually
localpolynomial
2 1 1 1
localp
1 2 5 0 0 0 1 0 2 1 0 2 0
1  1.55000746877261486e+00 -3.28527442022088545e+00 9.63132968490627572e-01 -3.28527442050778262e+00 9.63132968483448426e-01
0
0
1 0
0 4 4 4 4 4
3 4 1 2
1 5 1 1.55000746877261486e+00 -1.73526695144827059e+00 2.51314043726324243e+00 -1.73526695173516754e+00 2.51314043725606329e+00
custom
2.00000000000000011e-01 3.00000000000000000e+00
2.00000000000000011e-01 3.00000000000000000e+00
TASMANIAN SG end
