TASMANIAN SG 4.0
WARNING: do not edit this manually
localpolynomial
2 1 1 1
localp
1 2 5 0 0 0 1 0 2 1 0 2 0
1  2.35332401417126480e+00 -2.97557825056374048e+00 8.32127574959885763e-01 -2.97557825032256762e+00 8.32127574962376215e-01
0
0
1 0
0 4 4 4 4 4
3 4 1 2
1 5 1 2.35332401417126480e+00 -6.22254236392475790e-01 3.18545158913115056e+00 -6.22254236151302820e-01 3.18545158913364101e+00
custom
2.00000000000000011e-01 3.00000000000000000e+00
2.00000000000000011e-01 3.00000000000000000e+00
TASMANIAN SG end
