TASMANIAN SG 4.0
WARNING: do not edit this manually
localpolynomial
2 1 1 1
localp
1 2 5 0 0 0 1 0 2 1 0 2 0
1  1.55403329599784978e+00 -3.09879265483782618e+00 1.06662575026080919e+00 -3.09879265688715932e+00 1.06662574282585698e+00
0
0
1 0
0 4 4 4 4 4
3 4 1 2
1 5 1 1.55403329599784978e+00 -1.54475935883997639e+00 2.62065904625865898e+00 -1.54475936088930976e+00 2.62065903882370677e+00
custom
2.00000000000000011e-01 3.00000000000000000e+00
2.00000000000000011e-01 3.00000000000000000e+00
TASMANIAN SG end
