TASMANIAN SG 4.0
WARNING: do not edit this manually
localpolynomial
2 1 1 1
localp
1 2 5 0 0 0 1 0 2 1 0 2 0
1  1.71313423850719193e+00 -3.16800480133585793e+00 9.78092359361420360e-01 -3.16800480229330983e+00 9.78092277012686750e-01
0
0
1 0
0 4 4 4 4 4
3 4 1 2
1 5 1 1.71313423850719193e+00 -1.45487056282866600e+00 2.69122659786861229e+00 -1.45487056378611768e+00 2.69122651551987868e+00
custom
2.00000000000000011e-01 3.00000000000000000e+00
2.00000000000000011e-01 3.00000000000000000e+00
TASMANIAN SG end
