TASMANIAN SG 4.0
WARNING: do not edit this manually
localpolynomial
2 1 1 1
localp
1 2 5 0 0 0 1 0 2 1 0 2 0
1  -4.14134642174418985e+01 5.29771626175574681e+01 5.09176833737977077e+01 5.22876445424984126e+01 4.84750501987870948e+01
0
0
1 0
0 4 4 4 4 4
3 4 1 2
1 5 1 -4.14134642174418985e+01 1.15636984001155660e+01 9.50421915635580739e+00 1.08741803250565141e+01 7.06158598134519622e+00
custom
2.00000000000000011e-01 3.00000000000000000e+00
2.00000000000000011e-01 3.00000000000000000e+00
TASMANIAN SG end
