 kgrid  ValNew  Policy 
    0.85 -23.5654 0.884535
  0.8503 -23.5434 0.884835
0.850601 -23.5215 0.885135
0.850901 -23.4996 0.885435
0.851201 -23.4777 0.885435
0.851502 -23.4558 0.885736
0.851802  -23.434 0.886036
0.852102 -23.4121 0.886336
0.852402 -23.3904 0.886336
0.852703 -23.3686 0.886637
0.853003 -23.3469 0.886937
0.853303 -23.3252 0.887237
0.853604 -23.3035 0.887237
0.853904 -23.2819 0.887538
0.854204 -23.2603 0.887838
0.854505 -23.2387 0.888138
0.854805 -23.2172 0.888438
0.855105 -23.1956 0.888438
0.855405 -23.1741 0.888739
0.855706 -23.1527 0.889039
0.856006 -23.1312 0.889339
0.856306 -23.1098 0.889339
0.856607 -23.0884  0.88964
0.856907 -23.0671  0.88994
0.857207 -23.0457  0.89024
0.857508 -23.0244 0.890541
0.857808 -23.0032 0.890541
0.858108 -22.9819 0.890841
0.858408 -22.9607 0.891141
0.858709 -22.9395 0.891441
0.859009 -22.9183 0.891441
0.859309 -22.8972 0.891742
 0.85961 -22.8761 0.892042
 0.85991  -22.855 0.892342
 0.86021 -22.8339 0.892342
0.860511 -22.8129 0.892643
0.860811 -22.7919 0.892943
0.861111 -22.7709 0.893243
0.861411   -22.75 0.893544
0.861712  -22.729 0.893544
0.862012 -22.7081 0.893844
0.862312 -22.6873 0.894144
0.862613 -22.6664 0.894444
0.862913 -22.6456 0.894444
0.863213 -22.6248 0.894745
0.863514  -22.604 0.895045
0.863814 -22.5833 0.895345
0.864114 -22.5626 0.895646
0.864414 -22.5419 0.895646
0.864715 -22.5212 0.895946
0.865015 -22.5006 0.896246
0.865315   -22.48 0.896547
0.865616 -22.4594 0.896547
0.865916 -22.4388 0.896847
0.866216 -22.4183 0.897147
0.866517 -22.3978 0.897447
0.866817 -22.3773 0.897748
0.867117 -22.3569 0.897748
0.867417 -22.3364 0.898048
0.867718  -22.316 0.898348
0.868018 -22.2957 0.898649
0.868318 -22.2753 0.898649
0.868619  -22.255 0.898949
0.868919 -22.2347 0.899249
0.869219 -22.2144  0.89955
 0.86952 -22.1942  0.89955
 0.86982 -22.1739  0.89985
 0.87012 -22.1537  0.90015
 0.87042 -22.1336  0.90045
0.870721 -22.1134 0.900751
0.871021 -22.0933 0.900751
0.871321 -22.0732 0.901051
0.871622 -22.0531 0.901351
0.871922 -22.0331 0.901652
0.872222  -22.013 0.901952
0.872523  -21.993 0.901952
0.872823 -21.9731 0.902252
0.873123 -21.9531 0.902553
0.873423 -21.9332 0.902853
0.873724 -21.9133 0.902853
0.874024 -21.8934 0.903153
0.874324 -21.8736 0.903453
0.874625 -21.8537 0.903754
0.874925 -21.8339 0.903754
0.875225 -21.8142 0.904054
0.875526 -21.7944 0.904354
0.875826 -21.7747 0.904655
0.876126  -21.755 0.904955
0.876426 -21.7353 0.904955
0.876727 -21.7156 0.905255
0.877027  -21.696 0.905556
0.877327 -21.6764 0.905856
0.877628 -21.6568 0.906156
0.877928 -21.6372 0.906156
0.878228 -21.6177 0.906456
0.878529 -21.5982 0.906757
0.878829 -21.5787 0.907057
0.879129 -21.5592 0.907057
0.879429 -21.5398 0.907357
 0.87973 -21.5204 0.907658
 0.88003  -21.501 0.907958
 0.88033 -21.4816 0.908258
0.880631 -21.4623 0.908258
0.880931 -21.4429 0.908559
0.881231 -21.4237 0.908859
0.881532 -21.4044 0.909159
0.881832 -21.3851 0.909159
0.882132 -21.3659 0.909459
0.882432 -21.3467  0.90976
0.882733 -21.3275  0.91006
0.883033 -21.3084  0.91036
0.883333 -21.2892  0.91036
0.883634 -21.2701 0.910661
0.883934  -21.251 0.910961
0.884234  -21.232 0.911261
0.884535 -21.2129 0.911562
0.884835 -21.1939 0.911562
0.885135 -21.1749 0.911862
0.885435 -21.1559 0.912162
0.885736  -21.137 0.912462
0.886036 -21.1181 0.912462
0.886336 -21.0991 0.912763
0.886637 -21.0803 0.913063
0.886937 -21.0614 0.913363
0.887237 -21.0426 0.913664
0.887538 -21.0237 0.913664
0.887838  -21.005 0.913964
0.888138 -20.9862 0.914264
0.888438 -20.9674 0.914565
0.888739 -20.9487 0.914565
0.889039   -20.93 0.914865
0.889339 -20.9113 0.915165
 0.88964 -20.8927 0.915465
 0.88994  -20.874 0.915766
 0.89024 -20.8554 0.915766
0.890541 -20.8368 0.916066
0.890841 -20.8182 0.916366
0.891141 -20.7997 0.916667
0.891441 -20.7812 0.916967
0.891742 -20.7627 0.916967
0.892042 -20.7442 0.917267
0.892342 -20.7257 0.917568
0.892643 -20.7073 0.917868
0.892943 -20.6889 0.918168
0.893243 -20.6705 0.918168
0.893544 -20.6521 0.918468
0.893844 -20.6338 0.918769
0.894144 -20.6154 0.919069
0.894444 -20.5971 0.919069
0.894745 -20.5788 0.919369
0.895045 -20.5606  0.91967
0.895345 -20.5423  0.91997
0.895646 -20.5241  0.92027
0.895946 -20.5059  0.92027
0.896246 -20.4877 0.920571
0.896547 -20.4696 0.920871
0.896847 -20.4515 0.921171
0.897147 -20.4334 0.921471
0.897447 -20.4153 0.921471
0.897748 -20.3972 0.921772
0.898048 -20.3791 0.922072
0.898348 -20.3611 0.922372
0.898649 -20.3431 0.922372
0.898949 -20.3251 0.922673
0.899249 -20.3072 0.922973
 0.89955 -20.2892 0.923273
 0.89985 -20.2713 0.923574
 0.90015 -20.2534 0.923574
 0.90045 -20.2355 0.923874
0.900751 -20.2177 0.924174
0.901051 -20.1998 0.924474
0.901351  -20.182 0.924474
0.901652 -20.1642 0.924775
0.901952 -20.1465 0.925075
0.902252 -20.1287 0.925375
0.902553  -20.111 0.925676
0.902853 -20.0933 0.925676
0.903153 -20.0756 0.925976
0.903453 -20.0579 0.926276
0.903754 -20.0403 0.926577
0.904054 -20.0226 0.926877
0.904354  -20.005 0.926877
0.904655 -19.9874 0.927177
0.904955 -19.9699 0.927477
0.905255 -19.9523 0.927778
0.905556 -19.9348 0.927778
0.905856 -19.9173 0.928078
0.906156 -19.8998 0.928378
0.906456 -19.8824 0.928679
0.906757 -19.8649 0.928979
0.907057 -19.8475 0.928979
0.907357 -19.8301 0.929279
0.907658 -19.8127  0.92958
0.907958 -19.7954  0.92988
0.908258  -19.778  0.93018
0.908559 -19.7607  0.93018
0.908859 -19.7434  0.93048
0.909159 -19.7261 0.930781
0.909459 -19.7089 0.931081
 0.90976 -19.6916 0.931081
 0.91006 -19.6744 0.931381
 0.91036 -19.6572 0.931682
0.910661   -19.64 0.931982
0.910961 -19.6228 0.932282
0.911261 -19.6057 0.932282
0.911562 -19.5886 0.932583
0.911862 -19.5715 0.932883
0.912162 -19.5544 0.933183
0.912462 -19.5373 0.933483
0.912763 -19.5203 0.933483
0.913063 -19.5033 0.933784
0.913363 -19.4862 0.934084
0.913664 -19.4693 0.934384
0.913964 -19.4523 0.934685
0.914264 -19.4353 0.934685
0.914565 -19.4184 0.934985
0.914865 -19.4015 0.935285
0.915165 -19.3846 0.935586
0.915465 -19.3677 0.935886
0.915766 -19.3509 0.935886
0.916066 -19.3341 0.936186
0.916366 -19.3172 0.936486
0.916667 -19.3005 0.936787
0.916967 -19.2837 0.937087
0.917267 -19.2669 0.937087
0.917568 -19.2502 0.937387
0.917868 -19.2335 0.937688
0.918168 -19.2168 0.937988
0.918468 -19.2001 0.937988
0.918769 -19.1834 0.938288
0.919069 -19.1668 0.938589
0.919369 -19.1502 0.938889
 0.91967 -19.1336 0.939189
 0.91997  -19.117 0.939189
 0.92027 -19.1004 0.939489
0.920571 -19.0839  0.93979
0.920871 -19.0673  0.94009
0.921171 -19.0508  0.94039
0.921471 -19.0343  0.94039
0.921772 -19.0179 0.940691
0.922072 -19.0014 0.940991
0.922372  -18.985 0.941291
0.922673 -18.9686 0.941592
0.922973 -18.9521 0.941592
0.923273 -18.9358 0.941892
0.923574 -18.9194 0.942192
0.923874 -18.9031 0.942492
0.924174 -18.8867 0.942492
0.924474 -18.8704 0.942793
0.924775 -18.8541 0.943093
0.925075 -18.8379 0.943393
0.925375 -18.8216 0.943694
0.925676 -18.8054 0.943694
0.925976 -18.7892 0.943994
0.926276  -18.773 0.944294
0.926577 -18.7568 0.944595
0.926877 -18.7407 0.944895
0.927177 -18.7245 0.944895
0.927477 -18.7084 0.945195
0.927778 -18.6923 0.945495
0.928078 -18.6762 0.945796
0.928378 -18.6601 0.946096
0.928679 -18.6441 0.946096
0.928979  -18.628 0.946396
0.929279  -18.612 0.946697
 0.92958  -18.596 0.946997
 0.92988 -18.5801 0.947297
 0.93018 -18.5641 0.947297
 0.93048 -18.5481 0.947598
0.930781 -18.5322 0.947898
0.931081 -18.5163 0.948198
0.931381 -18.5004 0.948198
0.931682 -18.4846 0.948498
0.931982 -18.4687 0.948799
0.932282 -18.4529 0.949099
0.932583 -18.4371 0.949399
0.932883 -18.4213 0.949399
0.933183 -18.4055   0.9497
0.933483 -18.3897     0.95
0.933784  -18.374   0.9503
0.934084 -18.3582 0.950601
0.934384 -18.3425 0.950601
0.934685 -18.3268 0.950901
0.934985 -18.3111 0.951201
0.935285 -18.2955 0.951502
0.935586 -18.2799 0.951802
0.935886 -18.2642 0.951802
0.936186 -18.2486 0.952102
0.936486  -18.233 0.952402
0.936787 -18.2175 0.952703
0.937087 -18.2019 0.953003
0.937387 -18.1864 0.953003
0.937688 -18.1708 0.953303
0.937988 -18.1553 0.953604
0.938288 -18.1399 0.953904
0.938589 -18.1244 0.953904
0.938889 -18.1089 0.954204
0.939189 -18.0935 0.954505
0.939489 -18.0781 0.954805
 0.93979 -18.0627 0.955105
 0.94009 -18.0473 0.955105
 0.94039  -18.032 0.955405
0.940691 -18.0166 0.955706
0.940991 -18.0013 0.956006
0.941291  -17.986 0.956306
0.941592 -17.9707 0.956306
0.941892 -17.9554 0.956607
0.942192 -17.9401 0.956907
0.942492 -17.9249 0.957207
0.942793 -17.9097 0.957508
0.943093 -17.8944 0.957508
0.943393 -17.8792 0.957808
0.943694 -17.8641 0.958108
0.943994 -17.8489 0.958408
0.944294 -17.8338 0.958408
0.944595 -17.8186 0.958709
0.944895 -17.8035 0.959009
0.945195 -17.7884 0.959309
0.945495 -17.7734  0.95961
0.945796 -17.7583  0.95961
0.946096 -17.7433  0.95991
0.946396 -17.7282  0.96021
0.946697 -17.7132 0.960511
0.946997 -17.6982 0.960811
0.947297 -17.6833 0.960811
0.947598 -17.6683 0.961111
0.947898 -17.6533 0.961411
0.948198 -17.6384 0.961712
0.948498 -17.6235 0.962012
0.948799 -17.6086 0.962012
0.949099 -17.5937 0.962312
0.949399 -17.5789 0.962613
  0.9497  -17.564 0.962913
    0.95 -17.5492 0.963213
  0.9503 -17.5344 0.963213
0.950601 -17.5196 0.963514
0.950901 -17.5048 0.963814
0.951201 -17.4901 0.964114
0.951502 -17.4753 0.964114
0.951802 -17.4606 0.964414
0.952102 -17.4459 0.964715
0.952402 -17.4312 0.965015
0.952703 -17.4165 0.965315
0.953003 -17.4018 0.965315
0.953303 -17.3872 0.965616
0.953604 -17.3725 0.965916
0.953904 -17.3579 0.966216
0.954204 -17.3433 0.966517
0.954505 -17.3287 0.966517
0.954805 -17.3142 0.966817
0.955105 -17.2996 0.967117
0.955405 -17.2851 0.967417
0.955706 -17.2706 0.967718
0.956006 -17.2561 0.967718
0.956306 -17.2416 0.968018
0.956607 -17.2271 0.968318
0.956907 -17.2126 0.968619
0.957207 -17.1982 0.968619
0.957508 -17.1838 0.968919
0.957808 -17.1694 0.969219
0.958108  -17.155  0.96952
0.958408 -17.1406  0.96982
0.958709 -17.1262  0.96982
0.959009 -17.1119  0.97012
0.959309 -17.0975  0.97042
 0.95961 -17.0832 0.970721
 0.95991 -17.0689 0.971021
 0.96021 -17.0546 0.971021
0.960511 -17.0404 0.971321
0.960811 -17.0261 0.971622
0.961111 -17.0119 0.971922
0.961411 -16.9977 0.971922
0.961712 -16.9835 0.972222
0.962012 -16.9693 0.972523
0.962312 -16.9551 0.972823
0.962613 -16.9409 0.973123
0.962913 -16.9268 0.973123
0.963213 -16.9127 0.973423
0.963514 -16.8985 0.973724
0.963814 -16.8844 0.974024
0.964114 -16.8704 0.974324
0.964414 -16.8563 0.974324
0.964715 -16.8422 0.974625
0.965015 -16.8282 0.974925
0.965315 -16.8142 0.975225
0.965616 -16.8002 0.975526
0.965916 -16.7862 0.975526
0.966216 -16.7722 0.975826
0.966517 -16.7583 0.976126
0.966817 -16.7443 0.976426
0.967117 -16.7304 0.976727
0.967417 -16.7165 0.976727
0.967718 -16.7026 0.977027
0.968018 -16.6887 0.977327
0.968318 -16.6748 0.977628
0.968619  -16.661 0.977628
0.968919 -16.6471 0.977928
0.969219 -16.6333 0.978228
 0.96952 -16.6195 0.978529
 0.96982 -16.6057 0.978829
 0.97012 -16.5919 0.978829
 0.97042 -16.5781 0.979129
0.970721 -16.5644 0.979429
0.971021 -16.5507  0.97973
0.971321  -16.537  0.97973
0.971622 -16.5232  0.98003
0.971922 -16.5095  0.98033
0.972222 -16.4959 0.980631
0.972523 -16.4822 0.980931
0.972823 -16.4686 0.980931
0.973123 -16.4549 0.981231
0.973423 -16.4413 0.981532
0.973724 -16.4277 0.981832
0.974024 -16.4141 0.982132
0.974324 -16.4006 0.982432
0.974625  -16.387 0.982432
0.974925 -16.3735 0.982733
0.975225 -16.3599 0.983033
0.975526 -16.3464 0.983333
0.975826 -16.3329 0.983333
0.976126 -16.3194 0.983634
0.976426  -16.306 0.983934
0.976727 -16.2925 0.984234
0.977027 -16.2791 0.984535
0.977327 -16.2656 0.984535
0.977628 -16.2522 0.984835
0.977928 -16.2388 0.985135
0.978228 -16.2255 0.985435
0.978529 -16.2121 0.985435
0.978829 -16.1987 0.985736
0.979129 -16.1854 0.986036
0.979429 -16.1721 0.986336
 0.97973 -16.1588 0.986637
 0.98003 -16.1455 0.986637
 0.98033 -16.1322 0.986937
0.980631 -16.1189 0.987237
0.980931 -16.1057 0.987538
0.981231 -16.0924 0.987538
0.981532 -16.0792 0.987838
0.981832  -16.066 0.988138
0.982132 -16.0528 0.988438
0.982432 -16.0396 0.988739
0.982733 -16.0264 0.988739
0.983033 -16.0133 0.989039
0.983333 -16.0001 0.989339
0.983634  -15.987  0.98964
0.983934 -15.9739  0.98994
0.984234 -15.9608  0.99024
0.984535 -15.9477  0.99024
0.984835 -15.9346 0.990541
0.985135 -15.9216 0.990841
0.985435 -15.9085 0.991141
0.985736 -15.8955 0.991141
0.986036 -15.8825 0.991441
0.986336 -15.8695 0.991742
0.986637 -15.8565 0.992042
0.986937 -15.8435 0.992342
0.987237 -15.8306 0.992342
0.987538 -15.8176 0.992643
0.987838 -15.8047 0.992943
0.988138 -15.7918 0.993243
0.988438 -15.7789 0.993243
0.988739  -15.766 0.993544
0.989039 -15.7531 0.993844
0.989339 -15.7403 0.994144
 0.98964 -15.7274 0.994444
 0.98994 -15.7146 0.994444
 0.99024 -15.7018 0.994745
0.990541 -15.6889 0.995045
0.990841 -15.6762 0.995345
0.991141 -15.6634 0.995646
0.991441 -15.6506 0.995646
0.991742 -15.6379 0.995946
0.992042 -15.6251 0.996246
0.992342 -15.6124 0.996547
0.992643 -15.5997 0.996847
0.992943  -15.587 0.996847
0.993243 -15.5743 0.997147
0.993544 -15.5616 0.997447
0.993844  -15.549 0.997748
0.994144 -15.5363 0.997748
0.994444 -15.5237 0.998048
0.994745 -15.5111 0.998348
0.995045 -15.4985 0.998649
0.995345 -15.4859 0.998949
0.995646 -15.4733 0.998949
0.995946 -15.4607 0.999249
0.996246 -15.4482  0.99955
0.996547 -15.4356  0.99985
0.996847 -15.4231  1.00015
0.997147 -15.4106  1.00015
0.997447 -15.3981  1.00045
0.997748 -15.3856  1.00075
0.998048 -15.3732  1.00105
0.998348 -15.3607  1.00105
0.998649 -15.3482  1.00135
0.998949 -15.3358  1.00165
0.999249 -15.3234  1.00195
 0.99955  -15.311  1.00225
 0.99985 -15.2986  1.00225
 1.00015 -15.2862  1.00255
 1.00045 -15.2738  1.00285
 1.00075 -15.2615  1.00315
 1.00105 -15.2492  1.00345
 1.00135 -15.2368  1.00345
 1.00165 -15.2245  1.00375
 1.00195 -15.2122  1.00405
 1.00225 -15.1999  1.00435
 1.00255 -15.1877  1.00465
 1.00285 -15.1754  1.00465
 1.00315 -15.1631  1.00495
 1.00345 -15.1509  1.00526
 1.00375 -15.1387  1.00556
 1.00405 -15.1265  1.00556
 1.00435 -15.1143  1.00586
 1.00465 -15.1021  1.00616
 1.00495 -15.0899  1.00646
 1.00526 -15.0778  1.00676
 1.00556 -15.0656  1.00676
 1.00586 -15.0535  1.00706
 1.00616 -15.0413  1.00736
 1.00646 -15.0292  1.00766
 1.00676 -15.0172  1.00796
 1.00706 -15.0051  1.00796
 1.00736  -14.993  1.00826
 1.00766 -14.9809  1.00856
 1.00796 -14.9689  1.00886
 1.00826 -14.9569  1.00886
 1.00856 -14.9448  1.00916
 1.00886 -14.9328  1.00946
 1.00916 -14.9208  1.00976
 1.00946 -14.9089  1.01006
 1.00976 -14.8969  1.01006
 1.01006 -14.8849  1.01036
 1.01036  -14.873  1.01066
 1.01066 -14.8611  1.01096
 1.01096 -14.8491  1.01126
 1.01126 -14.8372  1.01126
 1.01156 -14.8253  1.01156
 1.01186 -14.8134  1.01186
 1.01216 -14.8016  1.01216
 1.01246 -14.7897  1.01246
 1.01276 -14.7779  1.01246
 1.01306  -14.766  1.01276
 1.01336 -14.7542  1.01306
 1.01366 -14.7424  1.01336
 1.01396 -14.7306  1.01336
 1.01426 -14.7188  1.01366
 1.01456 -14.7071  1.01396
 1.01486 -14.6953  1.01426
 1.01517 -14.6836  1.01456
 1.01547 -14.6718  1.01456
 1.01577 -14.6601  1.01486
 1.01607 -14.6484  1.01517
 1.01637 -14.6367  1.01547
 1.01667  -14.625  1.01577
 1.01697 -14.6133  1.01577
 1.01727 -14.6017  1.01607
 1.01757   -14.59  1.01637
 1.01787 -14.5784  1.01667
 1.01817 -14.5668  1.01667
 1.01847 -14.5552  1.01697
 1.01877 -14.5436  1.01727
 1.01907  -14.532  1.01757
 1.01937 -14.5204  1.01787
 1.01967 -14.5088  1.01787
 1.01997 -14.4973  1.01817
 1.02027 -14.4857  1.01847
 1.02057 -14.4742  1.01877
 1.02087 -14.4627  1.01907
 1.02117 -14.4512  1.01907
 1.02147 -14.4397  1.01937
 1.02177 -14.4282  1.01967
 1.02207 -14.4168  1.01997
 1.02237 -14.4053  1.01997
 1.02267 -14.3939  1.02027
 1.02297 -14.3824  1.02057
 1.02327  -14.371  1.02087
 1.02357 -14.3596  1.02117
 1.02387 -14.3482  1.02117
 1.02417 -14.3368  1.02147
 1.02447 -14.3254  1.02177
 1.02477 -14.3141  1.02207
 1.02508 -14.3027  1.02237
 1.02538 -14.2914  1.02237
 1.02568 -14.2801  1.02267
 1.02598 -14.2687  1.02297
 1.02628 -14.2574  1.02327
 1.02658 -14.2462  1.02357
 1.02688 -14.2349  1.02357
 1.02718 -14.2236  1.02387
 1.02748 -14.2123  1.02417
 1.02778 -14.2011  1.02447
 1.02808 -14.1899  1.02447
 1.02838 -14.1786  1.02477
 1.02868 -14.1674  1.02508
 1.02898 -14.1562  1.02538
 1.02928 -14.1451  1.02568
 1.02958 -14.1339  1.02568
 1.02988 -14.1227  1.02598
 1.03018 -14.1116  1.02628
 1.03048 -14.1004  1.02658
 1.03078 -14.0893  1.02658
 1.03108 -14.0782  1.02688
 1.03138 -14.0671  1.02718
 1.03168  -14.056  1.02748
 1.03198 -14.0449  1.02778
 1.03228 -14.0338  1.02778
 1.03258 -14.0228  1.02808
 1.03288 -14.0117  1.02838
 1.03318 -14.0007  1.02868
 1.03348 -13.9896  1.02898
 1.03378 -13.9786  1.02898
 1.03408 -13.9676  1.02928
 1.03438 -13.9566  1.02958
 1.03468 -13.9457  1.02988
 1.03498 -13.9347  1.02988
 1.03529 -13.9237  1.03018
 1.03559 -13.9128  1.03048
 1.03589 -13.9018  1.03078
 1.03619 -13.8909  1.03108
 1.03649   -13.88  1.03108
 1.03679 -13.8691  1.03138
 1.03709 -13.8582  1.03168
 1.03739 -13.8473  1.03198
 1.03769 -13.8365  1.03228
 1.03799 -13.8256  1.03228
 1.03829 -13.8147  1.03258
 1.03859 -13.8039  1.03288
 1.03889 -13.7931  1.03318
 1.03919 -13.7823  1.03318
 1.03949 -13.7715  1.03348
 1.03979 -13.7607  1.03378
 1.04009 -13.7499  1.03408
 1.04039 -13.7391  1.03438
 1.04069 -13.7284  1.03438
 1.04099 -13.7176  1.03468
 1.04129 -13.7069  1.03498
 1.04159 -13.6962  1.03529
 1.04189 -13.6854  1.03559
 1.04219 -13.6747  1.03559
 1.04249  -13.664  1.03589
 1.04279 -13.6534  1.03619
 1.04309 -13.6427  1.03649
 1.04339  -13.632  1.03679
 1.04369 -13.6214  1.03679
 1.04399 -13.6107  1.03709
 1.04429 -13.6001  1.03739
 1.04459 -13.5895  1.03769
 1.04489 -13.5789  1.03769
  1.0452 -13.5683  1.03799
  1.0455 -13.5577  1.03829
  1.0458 -13.5471  1.03859
  1.0461 -13.5366  1.03889
  1.0464  -13.526  1.03889
  1.0467 -13.5155  1.03919
   1.047  -13.505  1.03949
  1.0473 -13.4944  1.03979
  1.0476 -13.4839  1.04009
  1.0479 -13.4734  1.04009
  1.0482 -13.4629  1.04039
  1.0485 -13.4525  1.04069
  1.0488  -13.442  1.04099
  1.0491 -13.4315  1.04099
  1.0494 -13.4211  1.04129
  1.0497 -13.4107  1.04159
    1.05 -13.4002  1.04189
  1.0503 -13.3898  1.04219
  1.0506 -13.3794  1.04219
  1.0509  -13.369  1.04249
  1.0512 -13.3586  1.04279
  1.0515 -13.3483  1.04309
  1.0518 -13.3379  1.04309
  1.0521 -13.3276  1.04339
  1.0524 -13.3172  1.04369
  1.0527 -13.3069  1.04399
   1.053 -13.2966  1.04429
  1.0533 -13.2863  1.04429
  1.0536  -13.276  1.04459
  1.0539 -13.2657  1.04489
  1.0542 -13.2554   1.0452
  1.0545 -13.2451   1.0455
  1.0548 -13.2349   1.0455
 1.05511 -13.2246   1.0458
 1.05541 -13.2144   1.0461
 1.05571 -13.2042   1.0464
 1.05601  -13.194   1.0467
 1.05631 -13.1837   1.0467
 1.05661 -13.1735    1.047
 1.05691 -13.1634   1.0473
 1.05721 -13.1532   1.0476
 1.05751  -13.143   1.0476
 1.05781 -13.1329   1.0479
 1.05811 -13.1227   1.0482
 1.05841 -13.1126   1.0485
 1.05871 -13.1025   1.0488
 1.05901 -13.0924   1.0488
 1.05931 -13.0823   1.0491
 1.05961 -13.0722   1.0494
 1.05991 -13.0621   1.0497
 1.06021  -13.052     1.05
 1.06051 -13.0419     1.05
 1.06081 -13.0319   1.0503
 1.06111 -13.0219   1.0506
 1.06141 -13.0118   1.0509
 1.06171 -13.0018   1.0509
 1.06201 -12.9918   1.0512
 1.06231 -12.9818   1.0515
 1.06261 -12.9718   1.0518
 1.06291 -12.9618   1.0521
 1.06321 -12.9518   1.0521
 1.06351 -12.9419   1.0524
 1.06381 -12.9319   1.0527
 1.06411  -12.922    1.053
 1.06441 -12.9121    1.053
 1.06471 -12.9021   1.0533
 1.06502 -12.8922   1.0536
 1.06532 -12.8823   1.0539
 1.06562 -12.8724   1.0542
 1.06592 -12.8625   1.0542
 1.06622 -12.8527   1.0545
 1.06652 -12.8428   1.0548
 1.06682  -12.833  1.05511
 1.06712 -12.8231  1.05511
 1.06742 -12.8133  1.05541
 1.06772 -12.8035  1.05571
 1.06802 -12.7936  1.05601
 1.06832 -12.7838  1.05631
 1.06862 -12.7741  1.05631
 1.06892 -12.7643  1.05661
 1.06922 -12.7545  1.05691
 1.06952 -12.7447  1.05721
 1.06982  -12.735  1.05751
 1.07012 -12.7252  1.05751
 1.07042 -12.7155  1.05781
 1.07072 -12.7058  1.05811
 1.07102 -12.6961  1.05841
 1.07132 -12.6863  1.05871
 1.07162 -12.6766  1.05871
 1.07192  -12.667  1.05901
 1.07222 -12.6573  1.05931
 1.07252 -12.6476  1.05961
 1.07282  -12.638  1.05991
 1.07312 -12.6283  1.05991
 1.07342 -12.6187  1.06021
 1.07372  -12.609  1.06051
 1.07402 -12.5994  1.06081
 1.07432 -12.5898  1.06081
 1.07462 -12.5802  1.06111
 1.07492 -12.5706  1.06141
 1.07523  -12.561  1.06171
 1.07553 -12.5515  1.06201
 1.07583 -12.5419  1.06201
 1.07613 -12.5324  1.06231
 1.07643 -12.5228  1.06261
 1.07673 -12.5133  1.06291
 1.07703 -12.5038  1.06291
 1.07733 -12.4942  1.06321
 1.07763 -12.4847  1.06351
 1.07793 -12.4752  1.06381
 1.07823 -12.4658  1.06411
 1.07853 -12.4563  1.06411
 1.07883 -12.4468  1.06441
 1.07913 -12.4373  1.06471
 1.07943 -12.4279  1.06502
 1.07973 -12.4185  1.06502
 1.08003  -12.409  1.06532
 1.08033 -12.3996  1.06562
 1.08063 -12.3902  1.06592
 1.08093 -12.3808  1.06622
 1.08123 -12.3714  1.06652
 1.08153  -12.362  1.06652
 1.08183 -12.3526  1.06682
 1.08213 -12.3433  1.06712
 1.08243 -12.3339  1.06742
 1.08273 -12.3246  1.06742
 1.08303 -12.3152  1.06772
 1.08333 -12.3059  1.06802
 1.08363 -12.2966  1.06832
 1.08393 -12.2873  1.06862
 1.08423  -12.278  1.06862
 1.08453 -12.2687  1.06892
 1.08483 -12.2594  1.06922
 1.08514 -12.2501  1.06952
 1.08544 -12.2409  1.06952
 1.08574 -12.2316  1.06982
 1.08604 -12.2224  1.07012
 1.08634 -12.2131  1.07042
 1.08664 -12.2039  1.07072
 1.08694 -12.1947  1.07072
 1.08724 -12.1855  1.07102
 1.08754 -12.1763  1.07132
 1.08784 -12.1671  1.07162
 1.08814 -12.1579  1.07162
 1.08844 -12.1487  1.07192
 1.08874 -12.1396  1.07222
 1.08904 -12.1304  1.07252
 1.08934 -12.1213  1.07282
 1.08964 -12.1121  1.07282
 1.08994  -12.103  1.07312
 1.09024 -12.0939  1.07342
 1.09054 -12.0848  1.07372
 1.09084 -12.0757  1.07402
 1.09114 -12.0666  1.07402
 1.09144 -12.0575  1.07432
 1.09174 -12.0484  1.07462
 1.09204 -12.0394  1.07492
 1.09234 -12.0303  1.07492
 1.09264 -12.0212  1.07523
 1.09294 -12.0122  1.07553
 1.09324 -12.0032  1.07583
 1.09354 -11.9942  1.07613
 1.09384 -11.9851  1.07613
 1.09414 -11.9761  1.07643
 1.09444 -11.9671  1.07673
 1.09474 -11.9582  1.07703
 1.09505 -11.9492  1.07733
 1.09535 -11.9402  1.07733
 1.09565 -11.9313  1.07763
 1.09595 -11.9223  1.07793
 1.09625 -11.9134  1.07823
 1.09655 -11.9044  1.07823
 1.09685 -11.8955  1.07853
 1.09715 -11.8866  1.07883
 1.09745 -11.8777  1.07913
 1.09775 -11.8688  1.07943
 1.09805 -11.8599  1.07943
 1.09835  -11.851  1.07973
 1.09865 -11.8421  1.08003
 1.09895 -11.8333  1.08033
 1.09925 -11.8244  1.08033
 1.09955 -11.8156  1.08063
 1.09985 -11.8067  1.08093
 1.10015 -11.7979  1.08123
 1.10045 -11.7891  1.08153
 1.10075 -11.7803  1.08153
 1.10105 -11.7715  1.08183
 1.10135 -11.7627  1.08213
 1.10165 -11.7539  1.08243
 1.10195 -11.7451  1.08273
 1.10225 -11.7363  1.08273
 1.10255 -11.7276  1.08303
 1.10285 -11.7188  1.08333
 1.10315 -11.7101  1.08363
 1.10345 -11.7013  1.08363
 1.10375 -11.6926  1.08393
 1.10405 -11.6839  1.08423
 1.10435 -11.6752  1.08453
 1.10465 -11.6665  1.08483
 1.10495 -11.6578  1.08483
 1.10526 -11.6491  1.08514
 1.10556 -11.6404  1.08544
 1.10586 -11.6318  1.08574
 1.10616 -11.6231  1.08574
 1.10646 -11.6144  1.08604
 1.10676 -11.6058  1.08634
 1.10706 -11.5972  1.08664
 1.10736 -11.5885  1.08694
 1.10766 -11.5799  1.08694
 1.10796 -11.5713  1.08724
 1.10826 -11.5627  1.08754
 1.10856 -11.5541  1.08784
 1.10886 -11.5455  1.08814
 1.10916  -11.537  1.08814
 1.10946 -11.5284  1.08844
 1.10976 -11.5198  1.08874
 1.11006 -11.5113  1.08904
 1.11036 -11.5027  1.08904
 1.11066 -11.4942  1.08934
 1.11096 -11.4857  1.08964
 1.11126 -11.4772  1.08994
 1.11156 -11.4687  1.09024
 1.11186 -11.4602  1.09024
 1.11216 -11.4517  1.09054
 1.11246 -11.4432  1.09084
 1.11276 -11.4347  1.09114
 1.11306 -11.4262  1.09144
 1.11336 -11.4178  1.09144
 1.11366 -11.4093  1.09174
 1.11396 -11.4009  1.09204
 1.11426 -11.3924  1.09234
 1.11456  -11.384  1.09234
 1.11486 -11.3756  1.09264
 1.11517 -11.3672  1.09294
 1.11547 -11.3588  1.09324
 1.11577 -11.3504  1.09354
 1.11607  -11.342  1.09354
 1.11637 -11.3336  1.09384
 1.11667 -11.3252  1.09414
 1.11697 -11.3169  1.09444
 1.11727 -11.3085  1.09444
 1.11757 -11.3002  1.09474
 1.11787 -11.2918  1.09505
 1.11817 -11.2835  1.09535
 1.11847 -11.2752  1.09565
 1.11877 -11.2669  1.09565
 1.11907 -11.2586  1.09595
 1.11937 -11.2503  1.09625
 1.11967  -11.242  1.09655
 1.11997 -11.2337  1.09685
 1.12027 -11.2254  1.09685
 1.12057 -11.2171  1.09715
 1.12087 -11.2089  1.09745
 1.12117 -11.2006  1.09775
 1.12147 -11.1924  1.09775
 1.12177 -11.1841  1.09805
 1.12207 -11.1759  1.09835
 1.12237 -11.1677  1.09865
 1.12267 -11.1595  1.09895
 1.12297 -11.1513  1.09895
 1.12327 -11.1431  1.09925
 1.12357 -11.1349  1.09955
 1.12387 -11.1267  1.09985
 1.12417 -11.1185  1.09985
 1.12447 -11.1104  1.10015
 1.12477 -11.1022  1.10045
 1.12508 -11.0941  1.10075
 1.12538 -11.0859  1.10105
 1.12568 -11.0778  1.10105
 1.12598 -11.0697  1.10135
 1.12628 -11.0615  1.10165
 1.12658 -11.0534  1.10195
 1.12688 -11.0453  1.10195
 1.12718 -11.0372  1.10225
 1.12748 -11.0291  1.10255
 1.12778 -11.0211  1.10285
 1.12808  -11.013  1.10315
 1.12838 -11.0049  1.10315
 1.12868 -10.9969  1.10345
 1.12898 -10.9888  1.10375
 1.12928 -10.9808  1.10405
 1.12958 -10.9728  1.10435
 1.12988 -10.9647  1.10435
 1.13018 -10.9567  1.10465
 1.13048 -10.9487  1.10495
 1.13078 -10.9407  1.10526
 1.13108 -10.9327  1.10526
 1.13138 -10.9247  1.10556
 1.13168 -10.9167  1.10586
 1.13198 -10.9088  1.10616
 1.13228 -10.9008  1.10646
 1.13258 -10.8928  1.10646
 1.13288 -10.8849  1.10676
 1.13318 -10.8769  1.10706
 1.13348  -10.869  1.10736
 1.13378 -10.8611  1.10766
 1.13408 -10.8532  1.10766
 1.13438 -10.8452  1.10796
 1.13468 -10.8373  1.10826
 1.13498 -10.8294  1.10856
 1.13529 -10.8216  1.10856
 1.13559 -10.8137  1.10886
 1.13589 -10.8058  1.10916
 1.13619 -10.7979  1.10946
 1.13649 -10.7901  1.10976
 1.13679 -10.7822  1.10976
 1.13709 -10.7744  1.11006
 1.13739 -10.7665  1.11036
 1.13769 -10.7587  1.11066
 1.13799 -10.7509  1.11066
 1.13829 -10.7431  1.11096
 1.13859 -10.7353  1.11126
 1.13889 -10.7275  1.11156
 1.13919 -10.7197  1.11186
 1.13949 -10.7119  1.11186
 1.13979 -10.7041  1.11216
 1.14009 -10.6963  1.11246
 1.14039 -10.6886  1.11276
 1.14069 -10.6808  1.11306
 1.14099 -10.6731  1.11306
 1.14129 -10.6653  1.11336
 1.14159 -10.6576  1.11366
 1.14189 -10.6499  1.11396
 1.14219 -10.6421  1.11396
 1.14249 -10.6344  1.11426
 1.14279 -10.6267  1.11456
 1.14309  -10.619  1.11486
 1.14339 -10.6113  1.11517
 1.14369 -10.6036  1.11517
 1.14399  -10.596  1.11547
 1.14429 -10.5883  1.11577
 1.14459 -10.5806  1.11607
 1.14489  -10.573  1.11607
  1.1452 -10.5653  1.11637
  1.1455 -10.5577  1.11667
  1.1458 -10.5501  1.11697
  1.1461 -10.5424  1.11727
  1.1464 -10.5348  1.11727
  1.1467 -10.5272  1.11757
   1.147 -10.5196  1.11787
  1.1473  -10.512  1.11817
  1.1476 -10.5044  1.11817
  1.1479 -10.4968  1.11847
  1.1482 -10.4892  1.11877
  1.1485 -10.4817  1.11907
  1.1488 -10.4741  1.11937
  1.1491 -10.4666  1.11937
  1.1494  -10.459  1.11967
  1.1497 -10.4515  1.11997
    1.15 -10.4439  1.12027