 kgrid  ValNew  Policy 
    0.85 -49.9371 0.861712
  0.8503 -49.9097 0.861712
0.850601 -49.8824 0.862012
0.850901 -49.8551 0.862312
0.851201 -49.8278 0.862312
0.851502 -49.8006 0.862613
0.851802 -49.7734 0.862913
0.852102 -49.7463 0.863213
0.852402 -49.7192 0.863213
0.852703 -49.6921 0.863514
0.853003 -49.6651 0.863814
0.853303 -49.6382 0.864114
0.853604 -49.6112 0.864114
0.853904 -49.5843 0.864414
0.854204 -49.5574 0.864715
0.854505 -49.5306 0.864715
0.854805 -49.5038 0.865015
0.855105 -49.4771 0.865315
0.855405 -49.4504 0.865616
0.855706 -49.4237 0.865616
0.856006 -49.3971 0.865916
0.856306 -49.3705 0.866216
0.856607 -49.3439 0.866517
0.856907 -49.3174 0.866517
0.857207 -49.2909 0.866817
0.857508 -49.2645 0.867117
0.857808  -49.238 0.867417
0.858108 -49.2117 0.867417
0.858408 -49.1853 0.867718
0.858709  -49.159 0.868018
0.859009 -49.1328 0.868318
0.859309 -49.1065 0.868318
 0.85961 -49.0803 0.868619
 0.85991 -49.0542 0.868919
 0.86021 -49.0281 0.869219
0.860511  -49.002 0.869219
0.860811 -48.9759  0.86952
0.861111 -48.9499  0.86982
0.861411  -48.924  0.87012
0.861712  -48.898  0.87012
0.862012 -48.8721  0.87042
0.862312 -48.8462 0.870721
0.862613 -48.8204 0.871021
0.862913 -48.7946 0.871021
0.863213 -48.7688 0.871321
0.863514 -48.7431 0.871622
0.863814 -48.7174 0.871922
0.864114 -48.6918 0.871922
0.864414 -48.6661 0.872222
0.864715 -48.6405 0.872523
0.865015  -48.615 0.872823
0.865315 -48.5894 0.873123
0.865616 -48.5639 0.873423
0.865916 -48.5384 0.873423
0.866216 -48.5129 0.873724
0.866517 -48.4875 0.874024
0.866817 -48.4621 0.874324
0.867117 -48.4367 0.874625
0.867417 -48.4114 0.874625
0.867718  -48.386 0.874925
0.868018 -48.3607 0.875225
0.868318 -48.3354 0.875526
0.868619 -48.3102 0.875826
0.868919  -48.285 0.876126
0.869219 -48.2598 0.876426
 0.86952 -48.2346 0.876426
 0.86982 -48.2094 0.876727
 0.87012 -48.1843 0.877027
 0.87042 -48.1592 0.877327
0.870721 -48.1341 0.877628
0.871021 -48.1091 0.877928
0.871321 -48.0841 0.877928
0.871622 -48.0591 0.878228
0.871922 -48.0341 0.878529
0.872222 -48.0092 0.878829
0.872523 -47.9842 0.879129
0.872823 -47.9594 0.879429
0.873123 -47.9345  0.87973
0.873423 -47.9096  0.87973
0.873724 -47.8848  0.88003
0.874024   -47.86  0.88033
0.874324 -47.8353 0.880631
0.874625 -47.8105 0.880931
0.874925 -47.7858 0.881231
0.875225 -47.7611 0.881231
0.875526 -47.7364 0.881532
0.875826 -47.7118 0.881832
0.876126 -47.6871 0.882132
0.876426 -47.6625 0.882432
0.876727  -47.638 0.882733
0.877027 -47.6134 0.883033
0.877327 -47.5889 0.883033
0.877628 -47.5644 0.883333
0.877928 -47.5399 0.883634
0.878228 -47.5155 0.883934
0.878529  -47.491 0.884234
0.878829 -47.4666 0.884535
0.879129 -47.4423 0.884835
0.879429 -47.4179 0.884835
 0.87973 -47.3936 0.885135
 0.88003 -47.3692 0.885435
 0.88033 -47.3449 0.885736
0.880631 -47.3207 0.886036
0.880931 -47.2964 0.886336
0.881231 -47.2722 0.886637
0.881532  -47.248 0.886937
0.881832 -47.2238 0.886937
0.882132 -47.1997 0.887237
0.882432 -47.1755 0.887538
0.882733 -47.1514 0.887838
0.883033 -47.1273 0.888138
0.883333 -47.1033 0.888438
0.883634 -47.0792 0.888739
0.883934 -47.0552 0.888739
0.884234 -47.0312 0.889039
0.884535 -47.0072 0.889339
0.884835 -46.9833  0.88964
0.885135 -46.9593  0.88994
0.885435 -46.9354  0.89024
0.885736 -46.9115 0.890541
0.886036 -46.8877 0.890541
0.886336 -46.8638 0.890841
0.886637   -46.84 0.891141
0.886937 -46.8162 0.891441
0.887237 -46.7924 0.891742
0.887538 -46.7686 0.892042
0.887838 -46.7449 0.892342
0.888138 -46.7212 0.892643
0.888438 -46.6975 0.892643
0.888739 -46.6738 0.892943
0.889039 -46.6502 0.893243
0.889339 -46.6265 0.893544
 0.88964 -46.6029 0.893844
 0.88994 -46.5793 0.894144
 0.89024 -46.5558 0.894444
0.890541 -46.5322 0.894745
0.890841 -46.5087 0.894745
0.891141 -46.4852 0.895045
0.891441 -46.4617 0.895345
0.891742 -46.4383 0.895646
0.892042 -46.4148 0.895946
0.892342 -46.3914 0.896246
0.892643  -46.368 0.896547
0.892943 -46.3447 0.896847
0.893243 -46.3213 0.896847
0.893544  -46.298 0.897147
0.893844 -46.2746 0.897447
0.894144 -46.2514 0.897748
0.894444 -46.2281 0.898048
0.894745 -46.2048 0.898348
0.895045 -46.1816 0.898649
0.895345 -46.1584 0.898949
0.895646 -46.1352 0.898949
0.895946  -46.112 0.899249
0.896246 -46.0889  0.89955
0.896547 -46.0658  0.89985
0.896847 -46.0427  0.90015
0.897147 -46.0196  0.90045
0.897447 -45.9965 0.900751
0.897748 -45.9735 0.901051
0.898048 -45.9505 0.901051
0.898348 -45.9274 0.901351
0.898649 -45.9045 0.901652
0.898949 -45.8815 0.901952
0.899249 -45.8586 0.902252
 0.89955 -45.8356 0.902553
 0.89985 -45.8127 0.902853
 0.90015 -45.7899 0.903153
 0.90045  -45.767 0.903153
0.900751 -45.7441 0.903453
0.901051 -45.7213 0.903754
0.901351 -45.6985 0.904054
0.901652 -45.6757 0.904354
0.901952  -45.653 0.904655
0.902252 -45.6302 0.904955
0.902553 -45.6075 0.905255
0.902853 -45.5848 0.905556
0.903153 -45.5621 0.905556
0.903453 -45.5394 0.905856
0.903754 -45.5167 0.906156
0.904054 -45.4941 0.906456
0.904354 -45.4715 0.906757
0.904655 -45.4489 0.907057
0.904955 -45.4263 0.907357
0.905255 -45.4037 0.907658
0.905556 -45.3812 0.907958
0.905856 -45.3587 0.908258
0.906156 -45.3361 0.908258
0.906456 -45.3137 0.908559
0.906757 -45.2912 0.908859
0.907057 -45.2687 0.909159
0.907357 -45.2463 0.909459
0.907658 -45.2239  0.90976
0.907958 -45.2015  0.91006
0.908258 -45.1791  0.91036
0.908559 -45.1567 0.910661
0.908859 -45.1344 0.910661
0.909159 -45.1121 0.910961
0.909459 -45.0897 0.911261
 0.90976 -45.0674 0.911562
 0.91006 -45.0452 0.911862
 0.91036 -45.0229 0.912162
0.910661 -45.0007 0.912462
0.910961 -44.9785 0.912763
0.911261 -44.9563 0.913063
0.911562 -44.9341 0.913363
0.911862 -44.9119 0.913363
0.912162 -44.8897 0.913664
0.912462 -44.8676 0.913964
0.912763 -44.8455 0.914264
0.913063 -44.8234 0.914565
0.913363 -44.8013 0.914865
0.913664 -44.7793 0.915165
0.913964 -44.7572 0.915465
0.914264 -44.7352 0.915766
0.914565 -44.7132 0.915766
0.914865 -44.6912 0.916066
0.915165 -44.6692 0.916366
0.915465 -44.6472 0.916667
0.915766 -44.6253 0.916967
0.916066 -44.6034 0.917267
0.916366 -44.5815 0.917568
0.916667 -44.5596 0.917868
0.916967 -44.5377 0.918168
0.917267 -44.5159 0.918468
0.917568  -44.494 0.918468
0.917868 -44.4722 0.918769
0.918168 -44.4504 0.919069
0.918468 -44.4286 0.919369
0.918769 -44.4068  0.91967
0.919069 -44.3851  0.91997
0.919369 -44.3634  0.92027
 0.91967 -44.3416 0.920571
 0.91997 -44.3199 0.920871
 0.92027 -44.2983 0.921171
0.920571 -44.2766 0.921171
0.920871 -44.2549 0.921471
0.921171 -44.2333 0.921772
0.921471 -44.2117 0.922072
0.921772 -44.1901 0.922372
0.922072 -44.1685 0.922673
0.922372 -44.1469 0.922973
0.922673 -44.1254 0.923273
0.922973 -44.1039 0.923574
0.923273 -44.0824 0.923874
0.923574 -44.0609 0.923874
0.923874 -44.0394 0.924174
0.924174 -44.0179 0.924474
0.924474 -43.9964 0.924775
0.924775  -43.975 0.925075
0.925075 -43.9536 0.925375
0.925375 -43.9322 0.925676
0.925676 -43.9108 0.925976
0.925976 -43.8894 0.926276
0.926276 -43.8681 0.926577
0.926577 -43.8467 0.926877
0.926877 -43.8254 0.926877
0.927177 -43.8041 0.927177
0.927477 -43.7828 0.927477
0.927778 -43.7615 0.927778
0.928078 -43.7403 0.928078
0.928378  -43.719 0.928378
0.928679 -43.6978 0.928679
0.928979 -43.6766 0.928979
0.929279 -43.6554 0.929279
 0.92958 -43.6343  0.92958
 0.92988 -43.6131  0.92958
 0.93018 -43.5919  0.92988
 0.93048 -43.5708  0.93018
0.930781 -43.5497  0.93048
0.931081 -43.5286 0.930781
0.931381 -43.5075 0.931081
0.931682 -43.4865 0.931381
0.931982 -43.4654 0.931682
0.932282 -43.4444 0.931982
0.932583 -43.4234 0.932282
0.932883 -43.4024 0.932583
0.933183 -43.3814 0.932583
0.933483 -43.3604 0.932883
0.933784 -43.3394 0.933183
0.934084 -43.3185 0.933483
0.934384 -43.2976 0.933784
0.934685 -43.2767 0.934084
0.934985 -43.2558 0.934384
0.935285 -43.2349 0.934685
0.935586  -43.214 0.934985
0.935886 -43.1932 0.935285
0.936186 -43.1724 0.935586
0.936486 -43.1516 0.935586
0.936787 -43.1308 0.935886
0.937087   -43.11 0.936186
0.937387 -43.0892 0.936486
0.937688 -43.0685 0.936787
0.937988 -43.0477 0.937087
0.938288  -43.027 0.937387
0.938589 -43.0063 0.937688
0.938889 -42.9856 0.937988
0.939189 -42.9649 0.938288
0.939489 -42.9443 0.938589
 0.93979 -42.9236 0.938589
 0.94009  -42.903 0.938889
 0.94039 -42.8824 0.939189
0.940691 -42.8618 0.939489
0.940991 -42.8412  0.93979
0.941291 -42.8206  0.94009
0.941592 -42.8001  0.94039
0.941892 -42.7795 0.940691
0.942192  -42.759 0.940991
0.942492 -42.7385 0.941291
0.942793  -42.718 0.941291
0.943093 -42.6975 0.941592
0.943393 -42.6771 0.941892
0.943694 -42.6566 0.942192
0.943994 -42.6362 0.942492
0.944294 -42.6158 0.942793
0.944595 -42.5954 0.943093
0.944895  -42.575 0.943393
0.945195 -42.5546 0.943694
0.945495 -42.5342 0.943994
0.945796 -42.5139 0.944294
0.946096 -42.4936 0.944294
0.946396 -42.4733 0.944595
0.946697  -42.453 0.944895
0.946997 -42.4327 0.945195
0.947297 -42.4124 0.945495
0.947598 -42.3921 0.945796
0.947898 -42.3719 0.946096
0.948198 -42.3517 0.946396
0.948498 -42.3315 0.946697
0.948799 -42.3113 0.946997
0.949099 -42.2911 0.947297
0.949399 -42.2709 0.947598
  0.9497 -42.2508 0.947598
    0.95 -42.2306 0.947898
  0.9503 -42.2105 0.948198
0.950601 -42.1904 0.948498
0.950901 -42.1703 0.948799
0.951201 -42.1502 0.949099
0.951502 -42.1301 0.949399
0.951802 -42.1101   0.9497
0.952102 -42.0901     0.95
0.952402   -42.07   0.9503
0.952703   -42.05 0.950601
0.953003   -42.03 0.950601
0.953303   -42.01 0.950901
0.953604 -41.9901 0.951201
0.953904 -41.9701 0.951502
0.954204 -41.9502 0.951802
0.954505 -41.9303 0.952102
0.954805 -41.9103 0.952402
0.955105 -41.8904 0.952703
0.955405 -41.8706 0.953003
0.955706 -41.8507 0.953303
0.956006 -41.8309 0.953604
0.956306  -41.811 0.953904
0.956607 -41.7912 0.953904
0.956907 -41.7714 0.954204
0.957207 -41.7516 0.954505
0.957508 -41.7318 0.954805
0.957808  -41.712 0.955105
0.958108 -41.6923 0.955405
0.958408 -41.6725 0.955706
0.958709 -41.6528 0.956006
0.959009 -41.6331 0.956306
0.959309 -41.6134 0.956607
 0.95961 -41.5937 0.956907
 0.95991  -41.574 0.956907
 0.96021 -41.5544 0.957207
0.960511 -41.5347 0.957508
0.960811 -41.5151 0.957808
0.961111 -41.4955 0.958108
0.961411 -41.4759 0.958408
0.961712 -41.4563 0.958709
0.962012 -41.4367 0.959009
0.962312 -41.4172 0.959309
0.962613 -41.3976  0.95961
0.962913 -41.3781  0.95991
0.963213 -41.3586  0.96021
0.963514 -41.3391  0.96021
0.963814 -41.3196 0.960511
0.964114 -41.3001 0.960811
0.964414 -41.2806 0.961111
0.964715 -41.2612 0.961411
0.965015 -41.2417 0.961712
0.965315 -41.2223 0.962012
0.965616 -41.2029 0.962312
0.965916 -41.1835 0.962613
0.966216 -41.1641 0.962913
0.966517 -41.1448 0.963213
0.966817 -41.1254 0.963213
0.967117 -41.1061 0.963514
0.967417 -41.0867 0.963814
0.967718 -41.0674 0.964114
0.968018 -41.0481 0.964414
0.968318 -41.0288 0.964715
0.968619 -41.0096 0.965015
0.968919 -40.9903 0.965315
0.969219 -40.9711 0.965616
 0.96952 -40.9518 0.965916
 0.96982 -40.9326 0.966216
 0.97012 -40.9134 0.966517
 0.97042 -40.8942 0.966517
0.970721  -40.875 0.966817
0.971021 -40.8559 0.967117
0.971321 -40.8367 0.967417
0.971622 -40.8176 0.967718
0.971922 -40.7984 0.968018
0.972222 -40.7793 0.968318
0.972523 -40.7602 0.968619
0.972823 -40.7411 0.968919
0.973123 -40.7221 0.969219
0.973423  -40.703  0.96952
0.973724  -40.684  0.96952
0.974024 -40.6649  0.96982
0.974324 -40.6459  0.97012
0.974625 -40.6269  0.97042
0.974925 -40.6079 0.970721
0.975225 -40.5889 0.971021
0.975526 -40.5699 0.971321
0.975826  -40.551 0.971622
0.976126  -40.532 0.971922
0.976426 -40.5131 0.972222
0.976727 -40.4942 0.972523
0.977027 -40.4753 0.972823
0.977327 -40.4564 0.972823
0.977628 -40.4375 0.973123
0.977928 -40.4187 0.973423
0.978228 -40.3998 0.973724
0.978529  -40.381 0.974024
0.978829 -40.3621 0.974324
0.979129 -40.3433 0.974625
0.979429 -40.3245 0.974925
 0.97973 -40.3057 0.975225
 0.98003  -40.287 0.975526
 0.98033 -40.2682 0.975826
0.980631 -40.2495 0.976126
0.980931 -40.2307 0.976126
0.981231  -40.212 0.976426
0.981532 -40.1933 0.976727
0.981832 -40.1746 0.977027
0.982132 -40.1559 0.977327
0.982432 -40.1372 0.977628
0.982733 -40.1186 0.977928
0.983033 -40.0999 0.978228
0.983333 -40.0813 0.978529
0.983634 -40.0627 0.978829
0.983934 -40.0441 0.979129
0.984234 -40.0255 0.979429
0.984535 -40.0069 0.979429
0.984835 -39.9883  0.97973
0.985135 -39.9698  0.98003
0.985435 -39.9512  0.98033
0.985736 -39.9327 0.980631
0.986036 -39.9142 0.980931
0.986336 -39.8957 0.981231
0.986637 -39.8772 0.981532
0.986937 -39.8587 0.981832
0.987237 -39.8402 0.982132
0.987538 -39.8218 0.982432
0.987838 -39.8033 0.982733
0.988138 -39.7849 0.982733
0.988438 -39.7665 0.983033
0.988739 -39.7481 0.983333
0.989039 -39.7297 0.983634
0.989339 -39.7113 0.983934
 0.98964 -39.6929 0.984234
 0.98994 -39.6746 0.984535
 0.99024 -39.6562 0.984835
0.990541 -39.6379 0.985135
0.990841 -39.6196 0.985435
0.991141 -39.6013 0.985736
0.991441  -39.583 0.986036
0.991742 -39.5647 0.986036
0.992042 -39.5464 0.986336
0.992342 -39.5282 0.986637
0.992643 -39.5099 0.986937
0.992943 -39.4917 0.987237
0.993243 -39.4735 0.987538
0.993544 -39.4553 0.987838
0.993844 -39.4371 0.988138
0.994144 -39.4189 0.988438
0.994444 -39.4007 0.988739
0.994745 -39.3826 0.989039
0.995045 -39.3644 0.989339
0.995345 -39.3463 0.989339
0.995646 -39.3282  0.98964
0.995946 -39.3101  0.98994
0.996246  -39.292  0.99024
0.996547 -39.2739 0.990541
0.996847 -39.2558 0.990841
0.997147 -39.2377 0.991141
0.997447 -39.2197 0.991441
0.997748 -39.2017 0.991742
0.998048 -39.1836 0.992042
0.998348 -39.1656 0.992342
0.998649 -39.1476 0.992643
0.998949 -39.1296 0.992643
0.999249 -39.1117 0.992943
 0.99955 -39.0937 0.993243
 0.99985 -39.0757 0.993544
 1.00015 -39.0578 0.993844
 1.00045 -39.0399 0.994144
 1.00075 -39.0219 0.994444
 1.00105  -39.004 0.994745
 1.00135 -38.9862 0.995045
 1.00165 -38.9683 0.995345
 1.00195 -38.9504 0.995646
 1.00225 -38.9326 0.995946
 1.00255 -38.9147 0.995946
 1.00285 -38.8969 0.996246
 1.00315 -38.8791 0.996547
 1.00345 -38.8612 0.996847
 1.00375 -38.8434 0.997147
 1.00405 -38.8257 0.997447
 1.00435 -38.8079 0.997748
 1.00465 -38.7901 0.998048
 1.00495 -38.7724 0.998348
 1.00526 -38.7546 0.998649
 1.00556 -38.7369 0.998949
 1.00586 -38.7192 0.999249
 1.00616 -38.7015 0.999249
 1.00646 -38.6838  0.99955
 1.00676 -38.6661  0.99985
 1.00706 -38.6485  1.00015
 1.00736 -38.6308  1.00045
 1.00766 -38.6132  1.00075
 1.00796 -38.5955  1.00105
 1.00826 -38.5779  1.00135
 1.00856 -38.5603  1.00165
 1.00886 -38.5427  1.00195
 1.00916 -38.5251  1.00225
 1.00946 -38.5075  1.00255
 1.00976   -38.49  1.00255
 1.01006 -38.4724  1.00285
 1.01036 -38.4549  1.00315
 1.01066 -38.4374  1.00345
 1.01096 -38.4198  1.00375
 1.01126 -38.4023  1.00405
 1.01156 -38.3848  1.00435
 1.01186 -38.3674  1.00465
 1.01216 -38.3499  1.00495
 1.01246 -38.3324  1.00526
 1.01276  -38.315  1.00556
 1.01306 -38.2976  1.00586
 1.01336 -38.2801  1.00586
 1.01366 -38.2627  1.00616
 1.01396 -38.2453  1.00646
 1.01426 -38.2279  1.00676
 1.01456 -38.2106  1.00706
 1.01486 -38.1932  1.00736
 1.01517 -38.1758  1.00766
 1.01547 -38.1585  1.00796
 1.01577 -38.1412  1.00826
 1.01607 -38.1238  1.00856
 1.01637 -38.1065  1.00886
 1.01667 -38.0892  1.00916
 1.01697  -38.072  1.00916
 1.01727 -38.0547  1.00946
 1.01757 -38.0374  1.00976
 1.01787 -38.0202  1.01006
 1.01817 -38.0029  1.01036
 1.01847 -37.9857  1.01066
 1.01877 -37.9685  1.01096
 1.01907 -37.9513  1.01126
 1.01937 -37.9341  1.01156
 1.01967 -37.9169  1.01186
 1.01997 -37.8997  1.01216
 1.02027 -37.8826  1.01246
 1.02057 -37.8654  1.01246
 1.02087 -37.8483  1.01276
 1.02117 -37.8311  1.01306
 1.02147  -37.814  1.01336
 1.02177 -37.7969  1.01366
 1.02207 -37.7798  1.01396
 1.02237 -37.7627  1.01426
 1.02267 -37.7457  1.01456
 1.02297 -37.7286  1.01486
 1.02327 -37.7116  1.01517
 1.02357 -37.6945  1.01547
 1.02387 -37.6775  1.01577
 1.02417 -37.6605  1.01577
 1.02447 -37.6435  1.01607
 1.02477 -37.6265  1.01637
 1.02508 -37.6095  1.01667
 1.02538 -37.5925  1.01697
 1.02568 -37.5756  1.01727
 1.02598 -37.5586  1.01757
 1.02628 -37.5417  1.01787
 1.02658 -37.5247  1.01817
 1.02688 -37.5078  1.01847
 1.02718 -37.4909  1.01877
 1.02748  -37.474  1.01907
 1.02778 -37.4571  1.01907
 1.02808 -37.4403  1.01937
 1.02838 -37.4234  1.01967
 1.02868 -37.4066  1.01997
 1.02898 -37.3897  1.02027
 1.02928 -37.3729  1.02057
 1.02958 -37.3561  1.02087
 1.02988 -37.3393  1.02117
 1.03018 -37.3225  1.02147
 1.03048 -37.3057  1.02177
 1.03078 -37.2889  1.02207
 1.03108 -37.2721  1.02237
 1.03138 -37.2554  1.02267
 1.03168 -37.2386  1.02267
 1.03198 -37.2219  1.02297
 1.03228 -37.2052  1.02327
 1.03258 -37.1885  1.02357
 1.03288 -37.1718  1.02387
 1.03318 -37.1551  1.02417
 1.03348 -37.1384  1.02447
 1.03378 -37.1218  1.02477
 1.03408 -37.1051  1.02508
 1.03438 -37.0885  1.02538
 1.03468 -37.0718  1.02568
 1.03498 -37.0552  1.02598
 1.03529 -37.0386  1.02598
 1.03559  -37.022  1.02628
 1.03589 -37.0054  1.02658
 1.03619 -36.9888  1.02688
 1.03649 -36.9722  1.02718
 1.03679 -36.9557  1.02748
 1.03709 -36.9391  1.02778
 1.03739 -36.9226  1.02808
 1.03769 -36.9061  1.02838
 1.03799 -36.8896  1.02868
 1.03829 -36.8731  1.02898
 1.03859 -36.8566  1.02928
 1.03889 -36.8401  1.02928
 1.03919 -36.8236  1.02958
 1.03949 -36.8071  1.02988
 1.03979 -36.7907  1.03018
 1.04009 -36.7742  1.03048
 1.04039 -36.7578  1.03078
 1.04069 -36.7414  1.03108
 1.04099  -36.725  1.03138
 1.04129 -36.7086  1.03168
 1.04159 -36.6922  1.03198
 1.04189 -36.6758  1.03228
 1.04219 -36.6594  1.03258
 1.04249 -36.6431  1.03258
 1.04279 -36.6267  1.03288
 1.04309 -36.6104  1.03318
 1.04339 -36.5941  1.03348
 1.04369 -36.5778  1.03378
 1.04399 -36.5615  1.03408
 1.04429 -36.5452  1.03438
 1.04459 -36.5289  1.03468
 1.04489 -36.5126  1.03498
  1.0452 -36.4963  1.03529
  1.0455 -36.4801  1.03559
  1.0458 -36.4638  1.03589
  1.0461 -36.4476  1.03589
  1.0464 -36.4314  1.03619
  1.0467 -36.4152  1.03649
   1.047  -36.399  1.03679
  1.0473 -36.3828  1.03709
  1.0476 -36.3666  1.03739
  1.0479 -36.3504  1.03769
  1.0482 -36.3343  1.03799
  1.0485 -36.3181  1.03829
  1.0488  -36.302  1.03859
  1.0491 -36.2859  1.03889
  1.0494 -36.2697  1.03919
  1.0497 -36.2536  1.03949
    1.05 -36.2375  1.03949
  1.0503 -36.2214  1.03979
  1.0506 -36.2054  1.04009
  1.0509 -36.1893  1.04039
  1.0512 -36.1732  1.04069
  1.0515 -36.1572  1.04099
  1.0518 -36.1412  1.04129
  1.0521 -36.1251  1.04159
  1.0524 -36.1091  1.04189
  1.0527 -36.0931  1.04219
   1.053 -36.0771  1.04249
  1.0533 -36.0611  1.04279
  1.0536 -36.0452  1.04279
  1.0539 -36.0292  1.04309
  1.0542 -36.0132  1.04339
  1.0545 -35.9973  1.04369
  1.0548 -35.9814  1.04399
 1.05511 -35.9654  1.04429
 1.05541 -35.9495  1.04459
 1.05571 -35.9336  1.04489
 1.05601 -35.9177   1.0452
 1.05631 -35.9018   1.0455
 1.05661  -35.886   1.0458
 1.05691 -35.8701   1.0461
 1.05721 -35.8542   1.0461
 1.05751 -35.8384   1.0464
 1.05781 -35.8226   1.0467
 1.05811 -35.8067    1.047
 1.05841 -35.7909   1.0473
 1.05871 -35.7751   1.0476
 1.05901 -35.7593   1.0479
 1.05931 -35.7435   1.0482
 1.05961 -35.7278   1.0485
 1.05991  -35.712   1.0488
 1.06021 -35.6962   1.0491
 1.06051 -35.6805   1.0494
 1.06081 -35.6648   1.0494
 1.06111  -35.649   1.0497
 1.06141 -35.6333     1.05
 1.06171 -35.6176   1.0503
 1.06201 -35.6019   1.0506
 1.06231 -35.5862   1.0509
 1.06261 -35.5706   1.0512
 1.06291 -35.5549   1.0515
 1.06321 -35.5392   1.0518
 1.06351 -35.5236   1.0521
 1.06381  -35.508   1.0524
 1.06411 -35.4923   1.0527
 1.06441 -35.4767   1.0527
 1.06471 -35.4611    1.053
 1.06502 -35.4455   1.0533
 1.06532 -35.4299   1.0536
 1.06562 -35.4144   1.0539
 1.06592 -35.3988   1.0542
 1.06622 -35.3832   1.0545
 1.06652 -35.3677   1.0548
 1.06682 -35.3522  1.05511
 1.06712 -35.3366  1.05541
 1.06742 -35.3211  1.05571
 1.06772 -35.3056  1.05601
 1.06802 -35.2901  1.05631
 1.06832 -35.2746  1.05631
 1.06862 -35.2591  1.05661
 1.06892 -35.2437  1.05691
 1.06922 -35.2282  1.05721
 1.06952 -35.2128  1.05751
 1.06982 -35.1973  1.05781
 1.07012 -35.1819  1.05811
 1.07042 -35.1665  1.05841
 1.07072 -35.1511  1.05871
 1.07102 -35.1357  1.05901
 1.07132 -35.1203  1.05931
 1.07162 -35.1049  1.05961
 1.07192 -35.0895  1.05961
 1.07222 -35.0741  1.05991
 1.07252 -35.0588  1.06021
 1.07282 -35.0434  1.06051
 1.07312 -35.0281  1.06081
 1.07342 -35.0128  1.06111
 1.07372 -34.9975  1.06141
 1.07402 -34.9822  1.06171
 1.07432 -34.9669  1.06201
 1.07462 -34.9516  1.06231
 1.07492 -34.9363  1.06261
 1.07523  -34.921  1.06291
 1.07553 -34.9058  1.06291
 1.07583 -34.8905  1.06321
 1.07613 -34.8753  1.06351
 1.07643 -34.8601  1.06381
 1.07673 -34.8448  1.06411
 1.07703 -34.8296  1.06441
 1.07733 -34.8144  1.06471
 1.07763 -34.7992  1.06502
 1.07793 -34.7841  1.06532
 1.07823 -34.7689  1.06562
 1.07853 -34.7537  1.06592
 1.07883 -34.7386  1.06622
 1.07913 -34.7234  1.06622
 1.07943 -34.7083  1.06652
 1.07973 -34.6932  1.06682
 1.08003 -34.6781  1.06712
 1.08033  -34.663  1.06742
 1.08063 -34.6479  1.06772
 1.08093 -34.6328  1.06802
 1.08123 -34.6177  1.06832
 1.08153 -34.6026  1.06862
 1.08183 -34.5876  1.06892
 1.08213 -34.5725  1.06922
 1.08243 -34.5575  1.06952
 1.08273 -34.5424  1.06952
 1.08303 -34.5274  1.06982
 1.08333 -34.5124  1.07012
 1.08363 -34.4974  1.07042
 1.08393 -34.4824  1.07072
 1.08423 -34.4674  1.07102
 1.08453 -34.4524  1.07132
 1.08483 -34.4375  1.07162
 1.08514 -34.4225  1.07192
 1.08544 -34.4076  1.07222
 1.08574 -34.3926  1.07252
 1.08604 -34.3777  1.07282
 1.08634 -34.3628  1.07282
 1.08664 -34.3479  1.07312
 1.08694  -34.333  1.07342
 1.08724 -34.3181  1.07372
 1.08754 -34.3032  1.07402
 1.08784 -34.2883  1.07432
 1.08814 -34.2735  1.07462
 1.08844 -34.2586  1.07492
 1.08874 -34.2438  1.07523
 1.08904 -34.2289  1.07553
 1.08934 -34.2141  1.07583
 1.08964 -34.1993  1.07613
 1.08994 -34.1845  1.07643
 1.09024 -34.1697  1.07643
 1.09054 -34.1549  1.07673
 1.09084 -34.1401  1.07703
 1.09114 -34.1253  1.07733
 1.09144 -34.1106  1.07763
 1.09174 -34.0958  1.07793
 1.09204 -34.0811  1.07823
 1.09234 -34.0663  1.07853
 1.09264 -34.0516  1.07883
 1.09294 -34.0369  1.07913
 1.09324 -34.0222  1.07943
 1.09354 -34.0075  1.07973
 1.09384 -33.9928  1.07973
 1.09414 -33.9781  1.08003
 1.09444 -33.9634  1.08033
 1.09474 -33.9488  1.08063
 1.09505 -33.9341  1.08093
 1.09535 -33.9195  1.08123
 1.09565 -33.9048  1.08153
 1.09595 -33.8902  1.08183
 1.09625 -33.8756  1.08213
 1.09655  -33.861  1.08243
 1.09685 -33.8464  1.08273
 1.09715 -33.8318  1.08303
 1.09745 -33.8172  1.08303
 1.09775 -33.8026  1.08333
 1.09805  -33.788  1.08363
 1.09835 -33.7735  1.08393
 1.09865 -33.7589  1.08423
 1.09895 -33.7444  1.08453
 1.09925 -33.7299  1.08483
 1.09955 -33.7153  1.08514
 1.09985 -33.7008  1.08544
 1.10015 -33.6863  1.08574
 1.10045 -33.6718  1.08604
 1.10075 -33.6574  1.08634
 1.10105 -33.6429  1.08634
 1.10135 -33.6284  1.08664
 1.10165  -33.614  1.08694
 1.10195 -33.5995  1.08724
 1.10225 -33.5851  1.08754
 1.10255 -33.5706  1.08784
 1.10285 -33.5562  1.08814
 1.10315 -33.5418  1.08844
 1.10345 -33.5274  1.08874
 1.10375  -33.513  1.08904
 1.10405 -33.4986  1.08934
 1.10435 -33.4842  1.08964
 1.10465 -33.4699  1.08964
 1.10495 -33.4555  1.08994
 1.10526 -33.4411  1.09024
 1.10556 -33.4268  1.09054
 1.10586 -33.4125  1.09084
 1.10616 -33.3981  1.09114
 1.10646 -33.3838  1.09144
 1.10676 -33.3695  1.09174
 1.10706 -33.3552  1.09204
 1.10736 -33.3409  1.09234
 1.10766 -33.3266  1.09264
 1.10796 -33.3124  1.09294
 1.10826 -33.2981  1.09324
 1.10856 -33.2838  1.09324
 1.10886 -33.2696  1.09354
 1.10916 -33.2553  1.09384
 1.10946 -33.2411  1.09414
 1.10976 -33.2269  1.09444
 1.11006 -33.2127  1.09474
 1.11036 -33.1985  1.09505
 1.11066 -33.1843  1.09535
 1.11096 -33.1701  1.09565
 1.11126 -33.1559  1.09595
 1.11156 -33.1417  1.09625
 1.11186 -33.1276  1.09655
 1.11216 -33.1134  1.09655
 1.11246 -33.0993  1.09685
 1.11276 -33.0851  1.09715
 1.11306  -33.071  1.09745
 1.11336 -33.0569  1.09775
 1.11366 -33.0428  1.09805
 1.11396 -33.0287  1.09835
 1.11426 -33.0146  1.09865
 1.11456 -33.0005  1.09895
 1.11486 -32.9864  1.09925
 1.11517 -32.9724  1.09955
 1.11547 -32.9583  1.09985
 1.11577 -32.9442  1.09985
 1.11607 -32.9302  1.10015
 1.11637 -32.9162  1.10045
 1.11667 -32.9021  1.10075
 1.11697 -32.8881  1.10105
 1.11727 -32.8741  1.10135
 1.11757 -32.8601  1.10165
 1.11787 -32.8461  1.10195
 1.11817 -32.8321  1.10225
 1.11847 -32.8182  1.10255
 1.11877 -32.8042  1.10285
 1.11907 -32.7902  1.10315
 1.11937 -32.7763  1.10315
 1.11967 -32.7624  1.10345
 1.11997 -32.7484  1.10375
 1.12027 -32.7345  1.10405
 1.12057 -32.7206  1.10435
 1.12087 -32.7067  1.10465
 1.12117 -32.6928  1.10495
 1.12147 -32.6789  1.10526
 1.12177  -32.665  1.10556
 1.12207 -32.6511  1.10586
 1.12237 -32.6373  1.10616
 1.12267 -32.6234  1.10646
 1.12297 -32.6096  1.10646
 1.12327 -32.5957  1.10676
 1.12357 -32.5819  1.10706
 1.12387 -32.5681  1.10736
 1.12417 -32.5542  1.10766
 1.12447 -32.5404  1.10796
 1.12477 -32.5266  1.10826
 1.12508 -32.5128  1.10856
 1.12538 -32.4991  1.10886
 1.12568 -32.4853  1.10916
 1.12598 -32.4715  1.10946
 1.12628 -32.4578  1.10976
 1.12658  -32.444  1.10976
 1.12688 -32.4303  1.11006
 1.12718 -32.4165  1.11036
 1.12748 -32.4028  1.11066
 1.12778 -32.3891  1.11096
 1.12808 -32.3754  1.11126
 1.12838 -32.3617  1.11156
 1.12868  -32.348  1.11186
 1.12898 -32.3343  1.11216
 1.12928 -32.3207  1.11246
 1.12958  -32.307  1.11276
 1.12988 -32.2933  1.11306
 1.13018 -32.2797  1.11306
 1.13048  -32.266  1.11336
 1.13078 -32.2524  1.11366
 1.13108 -32.2388  1.11396
 1.13138 -32.2252  1.11426
 1.13168 -32.2116  1.11456
 1.13198  -32.198  1.11486
 1.13228 -32.1844  1.11517
 1.13258 -32.1708  1.11547
 1.13288 -32.1572  1.11577
 1.13318 -32.1437  1.11607
 1.13348 -32.1301  1.11637
 1.13378 -32.1165  1.11637
 1.13408  -32.103  1.11667
 1.13438 -32.0895  1.11697
 1.13468 -32.0759  1.11727
 1.13498 -32.0624  1.11757
 1.13529 -32.0489  1.11787
 1.13559 -32.0354  1.11817
 1.13589 -32.0219  1.11847
 1.13619 -32.0084  1.11877
 1.13649  -31.995  1.11907
 1.13679 -31.9815  1.11937
 1.13709  -31.968  1.11937
 1.13739 -31.9546  1.11967
 1.13769 -31.9411  1.11997
 1.13799 -31.9277  1.12027
 1.13829 -31.9143  1.12057
 1.13859 -31.9009  1.12087
 1.13889 -31.8875  1.12117
 1.13919 -31.8741  1.12147
 1.13949 -31.8607  1.12177
 1.13979 -31.8473  1.12207
 1.14009 -31.8339  1.12207
 1.14039 -31.8206  1.12237
 1.14069 -31.8072  1.12267
 1.14099 -31.7938  1.12297
 1.14129 -31.7805  1.12327
 1.14159 -31.7672  1.12357
 1.14189 -31.7539  1.12387
 1.14219 -31.7405  1.12417
 1.14249 -31.7272  1.12447
 1.14279 -31.7139  1.12477
 1.14309 -31.7007  1.12508
 1.14339 -31.6874  1.12508
 1.14369 -31.6741  1.12538
 1.14399 -31.6608  1.12568
 1.14429 -31.6476  1.12598
 1.14459 -31.6343  1.12628
 1.14489 -31.6211  1.12658
  1.1452 -31.6079  1.12688
  1.1455 -31.5947  1.12718
  1.1458 -31.5814  1.12748
  1.1461 -31.5682  1.12778
  1.1464 -31.5551  1.12778
  1.1467 -31.5419  1.12808
   1.147 -31.5287  1.12838
  1.1473 -31.5155  1.12868
  1.1476 -31.5024  1.12898
  1.1479 -31.4892  1.12928
  1.1482 -31.4761  1.12958
  1.1485 -31.4629  1.12988
  1.1488 -31.4498  1.13018
  1.1491 -31.4367  1.13048
  1.1494 -31.4236  1.13048
  1.1497 -31.4105  1.13078
    1.15 -31.3974  1.13108