 kgrid  ValNew  Policy 
    0.85 -38.5093 0.874324
  0.8503 -38.4844 0.874625
0.850601 -38.4595 0.874925
0.850901 -38.4347 0.875225
0.851201 -38.4099 0.875526
0.851502 -38.3851 0.875526
0.851802 -38.3604 0.875826
0.852102 -38.3356 0.876126
0.852402 -38.3109 0.876426
0.852703 -38.2863 0.876727
0.853003 -38.2616 0.877027
0.853303  -38.237 0.877027
0.853604 -38.2124 0.877327
0.853904 -38.1879 0.877628
0.854204 -38.1633 0.877928
0.854505 -38.1388 0.878228
0.854805 -38.1144 0.878529
0.855105 -38.0899 0.878529
0.855405 -38.0655 0.878829
0.855706 -38.0411 0.879129
0.856006 -38.0167 0.879429
0.856306 -37.9924  0.87973
0.856607 -37.9681  0.88003
0.856907 -37.9438  0.88003
0.857207 -37.9195  0.88033
0.857508 -37.8953 0.880631
0.857808 -37.8711 0.880931
0.858108 -37.8469 0.881231
0.858408 -37.8227 0.881231
0.858709 -37.7986 0.881532
0.859009 -37.7745 0.881832
0.859309 -37.7504 0.882132
 0.85961 -37.7264 0.882432
 0.85991 -37.7023 0.882733
 0.86021 -37.6783 0.883033
0.860511 -37.6544 0.883033
0.860811 -37.6304 0.883333
0.861111 -37.6065 0.883634
0.861411 -37.5826 0.883934
0.861712 -37.5587 0.884234
0.862012 -37.5349 0.884234
0.862312  -37.511 0.884535
0.862613 -37.4873 0.884835
0.862913 -37.4635 0.885135
0.863213 -37.4397 0.885435
0.863514  -37.416 0.885736
0.863814 -37.3923 0.886036
0.864114 -37.3687 0.886036
0.864414  -37.345 0.886336
0.864715 -37.3214 0.886637
0.865015 -37.2978 0.886937
0.865315 -37.2742 0.887237
0.865616 -37.2507 0.887538
0.865916 -37.2272 0.887538
0.866216 -37.2037 0.887838
0.866517 -37.1802 0.888138
0.866817 -37.1567 0.888438
0.867117 -37.1333 0.888739
0.867417 -37.1099 0.889039
0.867718 -37.0866 0.889039
0.868018 -37.0632 0.889339
0.868318 -37.0399  0.88964
0.868619 -37.0166  0.88994
0.868919 -36.9933  0.89024
0.869219 -36.9701 0.890541
 0.86952 -36.9468 0.890841
 0.86982 -36.9236 0.890841
 0.87012 -36.9004 0.891141
 0.87042 -36.8773 0.891441
0.870721 -36.8541 0.891742
0.871021  -36.831 0.892042
0.871321 -36.8079 0.892342
0.871622 -36.7849 0.892342
0.871922 -36.7618 0.892643
0.872222 -36.7388 0.892943
0.872523 -36.7158 0.893243
0.872823 -36.6928 0.893544
0.873123 -36.6699 0.893844
0.873423 -36.6469 0.894144
0.873724  -36.624 0.894144
0.874024 -36.6012 0.894444
0.874324 -36.5783 0.894745
0.874625 -36.5555 0.895045
0.874925 -36.5326 0.895345
0.875225 -36.5099 0.895646
0.875526 -36.4871 0.895946
0.875826 -36.4643 0.895946
0.876126 -36.4416 0.896246
0.876426 -36.4189 0.896547
0.876727 -36.3962 0.896847
0.877027 -36.3736 0.897147
0.877327 -36.3509 0.897447
0.877628 -36.3283 0.897748
0.877928 -36.3057 0.897748
0.878228 -36.2832 0.898048
0.878529 -36.2606 0.898348
0.878829 -36.2381 0.898649
0.879129 -36.2156 0.898949
0.879429 -36.1931 0.899249
 0.87973 -36.1707 0.899249
 0.88003 -36.1482  0.89955
 0.88033 -36.1258  0.89985
0.880631 -36.1034  0.90015
0.880931 -36.0811  0.90045
0.881231 -36.0587 0.900751
0.881532 -36.0364 0.901051
0.881832 -36.0141 0.901051
0.882132 -35.9918 0.901351
0.882432 -35.9696 0.901652
0.882733 -35.9473 0.901952
0.883033 -35.9251 0.902252
0.883333 -35.9029 0.902553
0.883634 -35.8807 0.902853
0.883934 -35.8586 0.902853
0.884234 -35.8365 0.903153
0.884535 -35.8143 0.903453
0.884835 -35.7923 0.903754
0.885135 -35.7702 0.904054
0.885435 -35.7482 0.904354
0.885736 -35.7261 0.904655
0.886036 -35.7041 0.904655
0.886336 -35.6822 0.904955
0.886637 -35.6602 0.905255
0.886937 -35.6383 0.905556
0.887237 -35.6163 0.905856
0.887538 -35.5945 0.906156
0.887838 -35.5726 0.906456
0.888138 -35.5507 0.906456
0.888438 -35.5289 0.906757
0.888739 -35.5071 0.907057
0.889039 -35.4853 0.907357
0.889339 -35.4635 0.907658
 0.88964 -35.4418 0.907958
 0.88994 -35.4201 0.908258
 0.89024 -35.3984 0.908258
0.890541 -35.3767 0.908559
0.890841  -35.355 0.908859
0.891141 -35.3333 0.909159
0.891441 -35.3117 0.909459
0.891742 -35.2901  0.90976
0.892042 -35.2685  0.91006
0.892342  -35.247  0.91036
0.892643 -35.2254  0.91036
0.892943 -35.2039 0.910661
0.893243 -35.1824 0.910961
0.893544 -35.1609 0.911261
0.893844 -35.1394 0.911562
0.894144  -35.118 0.911862
0.894444 -35.0966 0.912162
0.894745 -35.0751 0.912162
0.895045 -35.0537 0.912462
0.895345 -35.0324 0.912763
0.895646  -35.011 0.913063
0.895946 -34.9897 0.913363
0.896246 -34.9684 0.913664
0.896547 -34.9471 0.913964
0.896847 -34.9258 0.914264
0.897147 -34.9046 0.914264
0.897447 -34.8833 0.914565
0.897748 -34.8621 0.914865
0.898048 -34.8409 0.915165
0.898348 -34.8197 0.915465
0.898649 -34.7986 0.915766
0.898949 -34.7774 0.916066
0.899249 -34.7563 0.916366
 0.89955 -34.7352 0.916366
 0.89985 -34.7141 0.916667
 0.90015  -34.693 0.916967
 0.90045  -34.672 0.917267
0.900751  -34.651 0.917568
0.901051   -34.63 0.917868
0.901351  -34.609 0.918168
0.901652  -34.588 0.918468
0.901952  -34.567 0.918468
0.902252 -34.5461 0.918769
0.902553 -34.5252 0.919069
0.902853 -34.5043 0.919369
0.903153 -34.4834  0.91967
0.903453 -34.4625  0.91997
0.903754 -34.4417  0.92027
0.904054 -34.4209 0.920571
0.904354 -34.4001 0.920571
0.904655 -34.3793 0.920871
0.904955 -34.3585 0.921171
0.905255 -34.3378 0.921471
0.905556  -34.317 0.921772
0.905856 -34.2963 0.922072
0.906156 -34.2756 0.922372
0.906456  -34.255 0.922673
0.906757 -34.2343 0.922673
0.907057 -34.2137 0.922973
0.907357  -34.193 0.923273
0.907658 -34.1724 0.923574
0.907958 -34.1518 0.923874
0.908258 -34.1313 0.924174
0.908559 -34.1107 0.924474
0.908859 -34.0902 0.924775
0.909159 -34.0697 0.924775
0.909459 -34.0492 0.925075
 0.90976 -34.0287 0.925375
 0.91006 -34.0083 0.925676
 0.91036 -33.9878 0.925976
0.910661 -33.9674 0.926276
0.910961  -33.947 0.926577
0.911261 -33.9266 0.926877
0.911562 -33.9062 0.926877
0.911862 -33.8859 0.927177
0.912162 -33.8655 0.927477
0.912462 -33.8452 0.927778
0.912763 -33.8249 0.928078
0.913063 -33.8046 0.928378
0.913363 -33.7844 0.928679
0.913664 -33.7641 0.928979
0.913964 -33.7439 0.928979
0.914264 -33.7237 0.929279
0.914565 -33.7035  0.92958
0.914865 -33.6833  0.92988
0.915165 -33.6632  0.93018
0.915465  -33.643  0.93048
0.915766 -33.6229 0.930781
0.916066 -33.6028 0.931081
0.916366 -33.5827 0.931081
0.916667 -33.5626 0.931381
0.916967 -33.5426 0.931682
0.917267 -33.5225 0.931982
0.917568 -33.5025 0.932282
0.917868 -33.4825 0.932583
0.918168 -33.4625 0.932883
0.918468 -33.4426 0.933183
0.918769 -33.4226 0.933483
0.919069 -33.4027 0.933483
0.919369 -33.3828 0.933784
 0.91967 -33.3629 0.934084
 0.91997  -33.343 0.934384
 0.92027 -33.3231 0.934685
0.920571 -33.3033 0.934985
0.920871 -33.2835 0.935285
0.921171 -33.2637 0.935586
0.921471 -33.2439 0.935586
0.921772 -33.2241 0.935886
0.922072 -33.2043 0.936186
0.922372 -33.1846 0.936486
0.922673 -33.1648 0.936787
0.922973 -33.1451 0.937087
0.923273 -33.1254 0.937387
0.923574 -33.1057 0.937688
0.923874 -33.0861 0.937688
0.924174 -33.0664 0.937988
0.924474 -33.0468 0.938288
0.924775 -33.0272 0.938589
0.925075 -33.0076 0.938889
0.925375  -32.988 0.939189
0.925676 -32.9685 0.939489
0.925976 -32.9489  0.93979
0.926276 -32.9294  0.94009
0.926577 -32.9099  0.94009
0.926877 -32.8904  0.94039
0.927177 -32.8709 0.940691
0.927477 -32.8514 0.940991
0.927778  -32.832 0.941291
0.928078 -32.8125 0.941592
0.928378 -32.7931 0.941892
0.928679 -32.7737 0.942192
0.928979 -32.7544 0.942192
0.929279  -32.735 0.942492
 0.92958 -32.7156 0.942793
 0.92988 -32.6963 0.943093
 0.93018  -32.677 0.943393
 0.93048 -32.6577 0.943694
0.930781 -32.6384 0.943994
0.931081 -32.6191 0.944294
0.931381 -32.5999 0.944294
0.931682 -32.5806 0.944595
0.931982 -32.5614 0.944895
0.932282 -32.5422 0.945195
0.932583  -32.523 0.945495
0.932883 -32.5039 0.945796
0.933183 -32.4847 0.946096
0.933483 -32.4656 0.946396
0.933784 -32.4464 0.946697
0.934084 -32.4273 0.946697
0.934384 -32.4082 0.946997
0.934685 -32.3892 0.947297
0.934985 -32.3701 0.947598
0.935285 -32.3511 0.947898
0.935586  -32.332 0.948198
0.935886  -32.313 0.948498
0.936186  -32.294 0.948799
0.936486 -32.2751 0.949099
0.936787 -32.2561 0.949099
0.937087 -32.2371 0.949399
0.937387 -32.2182   0.9497
0.937688 -32.1993     0.95
0.937988 -32.1804   0.9503
0.938288 -32.1615 0.950601
0.938589 -32.1426 0.950901
0.938889 -32.1238 0.951201
0.939189 -32.1049 0.951201
0.939489 -32.0861 0.951502
 0.93979 -32.0673 0.951802
 0.94009 -32.0485 0.952102
 0.94039 -32.0297 0.952402
0.940691  -32.011 0.952703
0.940991 -31.9922 0.953003
0.941291 -31.9735 0.953303
0.941592 -31.9548 0.953604
0.941892 -31.9361 0.953604
0.942192 -31.9174 0.953904
0.942492 -31.8987 0.954204
0.942793 -31.8801 0.954505
0.943093 -31.8615 0.954805
0.943393 -31.8428 0.955105
0.943694 -31.8242 0.955405
0.943994 -31.8056 0.955706
0.944294 -31.7871 0.955706
0.944595 -31.7685 0.956006
0.944895   -31.75 0.956306
0.945195 -31.7314 0.956607
0.945495 -31.7129 0.956907
0.945796 -31.6944 0.957207
0.946096 -31.6759 0.957508
0.946396 -31.6575 0.957808
0.946697  -31.639 0.958108
0.946997 -31.6206 0.958108
0.947297 -31.6021 0.958408
0.947598 -31.5837 0.958709
0.947898 -31.5653 0.959009
0.948198  -31.547 0.959309
0.948498 -31.5286  0.95961
0.948799 -31.5102  0.95991
0.949099 -31.4919  0.96021
0.949399 -31.4736 0.960511
  0.9497 -31.4553 0.960511
    0.95  -31.437 0.960811
  0.9503 -31.4187 0.961111
0.950601 -31.4005 0.961411
0.950901 -31.3822 0.961712
0.951201  -31.364 0.962012
0.951502 -31.3458 0.962312
0.951802 -31.3276 0.962613
0.952102 -31.3094 0.962613
0.952402 -31.2912 0.962913
0.952703 -31.2731 0.963213
0.953003 -31.2549 0.963514
0.953303 -31.2368 0.963814
0.953604 -31.2187 0.964114
0.953904 -31.2006 0.964414
0.954204 -31.1825 0.964715
0.954505 -31.1644 0.965015
0.954805 -31.1464 0.965015
0.955105 -31.1283 0.965315
0.955405 -31.1103 0.965616
0.955706 -31.0923 0.965916
0.956006 -31.0743 0.966216
0.956306 -31.0563 0.966517
0.956607 -31.0384 0.966817
0.956907 -31.0204 0.967117
0.957207 -31.0025 0.967417
0.957508 -30.9846 0.967417
0.957808 -30.9666 0.967718
0.958108 -30.9487 0.968018
0.958408 -30.9309 0.968318
0.958709  -30.913 0.968619
0.959009 -30.8951 0.968919
0.959309 -30.8773 0.969219
 0.95961 -30.8595  0.96952
 0.95991 -30.8417  0.96952
 0.96021 -30.8239  0.96982
0.960511 -30.8061  0.97012
0.960811 -30.7883  0.97042
0.961111 -30.7706 0.970721
0.961411 -30.7529 0.971021
0.961712 -30.7351 0.971321
0.962012 -30.7174 0.971622
0.962312 -30.6997 0.971922
0.962613 -30.6821 0.971922
0.962913 -30.6644 0.972222
0.963213 -30.6467 0.972523
0.963514 -30.6291 0.972823
0.963814 -30.6115 0.973123
0.964114 -30.5939 0.973423
0.964414 -30.5763 0.973724
0.964715 -30.5587 0.974024
0.965015 -30.5411 0.974324
0.965315 -30.5236 0.974324
0.965616  -30.506 0.974625
0.965916 -30.4885 0.974925
0.966216  -30.471 0.975225
0.966517 -30.4535 0.975526
0.966817  -30.436 0.975826
0.967117 -30.4185 0.976126
0.967417 -30.4011 0.976426
0.967718 -30.3837 0.976727
0.968018 -30.3662 0.976727
0.968318 -30.3488 0.977027
0.968619 -30.3314 0.977327
0.968919  -30.314 0.977628
0.969219 -30.2967 0.977928
 0.96952 -30.2793 0.978228
 0.96982  -30.262 0.978529
 0.97012 -30.2446 0.978829
 0.97042 -30.2273 0.978829
0.970721   -30.21 0.979129
0.971021 -30.1927 0.979429
0.971321 -30.1754  0.97973
0.971622 -30.1582  0.98003
0.971922 -30.1409  0.98033
0.972222 -30.1237 0.980631
0.972523 -30.1065 0.980931
0.972823 -30.0893 0.981231
0.973123 -30.0721 0.981532
0.973423 -30.0549 0.981532
0.973724 -30.0377 0.981832
0.974024 -30.0206 0.982132
0.974324 -30.0034 0.982432
0.974625 -29.9863 0.982733
0.974925 -29.9692 0.983033
0.975225 -29.9521 0.983333
0.975526  -29.935 0.983634
0.975826 -29.9179 0.983634
0.976126 -29.9009 0.983934
0.976426 -29.8838 0.984234
0.976727 -29.8668 0.984535
0.977027 -29.8498 0.984835
0.977327 -29.8328 0.985135
0.977628 -29.8158 0.985435
0.977928 -29.7988 0.985736
0.978228 -29.7819 0.986036
0.978529 -29.7649 0.986036
0.978829  -29.748 0.986336
0.979129  -29.731 0.986637
0.979429 -29.7141 0.986937
 0.97973 -29.6972 0.987237
 0.98003 -29.6803 0.987538
 0.98033 -29.6635 0.987838
0.980631 -29.6466 0.988138
0.980931 -29.6298 0.988438
0.981231 -29.6129 0.988438
0.981532 -29.5961 0.988739
0.981832 -29.5793 0.989039
0.982132 -29.5625 0.989339
0.982432 -29.5457  0.98964
0.982733  -29.529  0.98994
0.983033 -29.5122  0.99024
0.983333 -29.4955 0.990541
0.983634 -29.4788 0.990841
0.983934 -29.4621 0.990841
0.984234 -29.4453 0.991141
0.984535 -29.4287 0.991441
0.984835  -29.412 0.991742
0.985135 -29.3953 0.992042
0.985435 -29.3787 0.992342
0.985736  -29.362 0.992643
0.986036 -29.3454 0.992943
0.986336 -29.3288 0.993243
0.986637 -29.3122 0.993243
0.986937 -29.2956 0.993544
0.987237 -29.2791 0.993844
0.987538 -29.2625 0.994144
0.987838  -29.246 0.994444
0.988138 -29.2294 0.994745
0.988438 -29.2129 0.995045
0.988739 -29.1964 0.995345
0.989039 -29.1799 0.995345
0.989339 -29.1634 0.995646
 0.98964  -29.147 0.995946
 0.98994 -29.1305 0.996246
 0.99024 -29.1141 0.996547
0.990541 -29.0976 0.996847
0.990841 -29.0812 0.997147
0.991141 -29.0648 0.997447
0.991441 -29.0484 0.997748
0.991742 -29.0321 0.997748
0.992042 -29.0157 0.998048
0.992342 -28.9993 0.998348
0.992643  -28.983 0.998649
0.992943 -28.9667 0.998949
0.993243 -28.9504 0.999249
0.993544 -28.9341  0.99955
0.993844 -28.9178  0.99985
0.994144 -28.9015  1.00015
0.994444 -28.8852  1.00015
0.994745  -28.869  1.00045
0.995045 -28.8527  1.00075
0.995345 -28.8365  1.00105
0.995646 -28.8203  1.00135
0.995946 -28.8041  1.00165
0.996246 -28.7879  1.00195
0.996547 -28.7717  1.00225
0.996847 -28.7556  1.00255
0.997147 -28.7394  1.00255
0.997447 -28.7233  1.00285
0.997748 -28.7072  1.00315
0.998048  -28.691  1.00345
0.998348 -28.6749  1.00375
0.998649 -28.6589  1.00405
0.998949 -28.6428  1.00435
0.999249 -28.6267  1.00465
 0.99955 -28.6107  1.00495
 0.99985 -28.5946  1.00495
 1.00015 -28.5786  1.00526
 1.00045 -28.5626  1.00556
 1.00075 -28.5466  1.00586
 1.00105 -28.5306  1.00616
 1.00135 -28.5146  1.00646
 1.00165 -28.4987  1.00676
 1.00195 -28.4827  1.00706
 1.00225 -28.4668  1.00736
 1.00255 -28.4508  1.00736
 1.00285 -28.4349  1.00766
 1.00315  -28.419  1.00796
 1.00345 -28.4031  1.00826
 1.00375 -28.3872  1.00856
 1.00405 -28.3714  1.00886
 1.00435 -28.3555  1.00916
 1.00465 -28.3397  1.00946
 1.00495 -28.3238  1.00946
 1.00526  -28.308  1.00976
 1.00556 -28.2922  1.01006
 1.00586 -28.2764  1.01036
 1.00616 -28.2606  1.01066
 1.00646 -28.2449  1.01096
 1.00676 -28.2291  1.01126
 1.00706 -28.2134  1.01156
 1.00736 -28.1976  1.01186
 1.00766 -28.1819  1.01186
 1.00796 -28.1662  1.01216
 1.00826 -28.1505  1.01246
 1.00856 -28.1348  1.01276
 1.00886 -28.1191  1.01306
 1.00916 -28.1035  1.01336
 1.00946 -28.0878  1.01366
 1.00976 -28.0722  1.01396
 1.01006 -28.0566  1.01426
 1.01036  -28.041  1.01426
 1.01066 -28.0254  1.01456
 1.01096 -28.0098  1.01486
 1.01126 -27.9942  1.01517
 1.01156 -27.9786  1.01547
 1.01186 -27.9631  1.01577
 1.01216 -27.9475  1.01607
 1.01246  -27.932  1.01637
 1.01276 -27.9165  1.01667
 1.01306  -27.901  1.01667
 1.01336 -27.8855  1.01697
 1.01366   -27.87  1.01727
 1.01396 -27.8545  1.01757
 1.01426 -27.8391  1.01787
 1.01456 -27.8236  1.01817
 1.01486 -27.8082  1.01847
 1.01517 -27.7927  1.01877
 1.01547 -27.7773  1.01907
 1.01577 -27.7619  1.01907
 1.01607 -27.7465  1.01937
 1.01637 -27.7312  1.01967
 1.01667 -27.7158  1.01997
 1.01697 -27.7004  1.02027
 1.01727 -27.6851  1.02057
 1.01757 -27.6698  1.02087
 1.01787 -27.6544  1.02117
 1.01817 -27.6391  1.02147
 1.01847 -27.6238  1.02147
 1.01877 -27.6086  1.02177
 1.01907 -27.5933  1.02207
 1.01937  -27.578  1.02237
 1.01967 -27.5628  1.02267
 1.01997 -27.5475  1.02297
 1.02027 -27.5323  1.02327
 1.02057 -27.5171  1.02357
 1.02087 -27.5019  1.02387
 1.02117 -27.4867  1.02387
 1.02147 -27.4715  1.02417
 1.02177 -27.4563  1.02447
 1.02207 -27.4412  1.02477
 1.02237  -27.426  1.02508
 1.02267 -27.4109  1.02538
 1.02297 -27.3958  1.02568
 1.02327 -27.3807  1.02598
 1.02357 -27.3656  1.02628
 1.02387 -27.3505  1.02628
 1.02417 -27.3354  1.02658
 1.02447 -27.3203  1.02688
 1.02477 -27.3053  1.02718
 1.02508 -27.2902  1.02748
 1.02538 -27.2752  1.02778
 1.02568 -27.2602  1.02808
 1.02598 -27.2452  1.02838
 1.02628 -27.2302  1.02838
 1.02658 -27.2152  1.02868
 1.02688 -27.2002  1.02898
 1.02718 -27.1852  1.02928
 1.02748 -27.1703  1.02958
 1.02778 -27.1553  1.02988
 1.02808 -27.1404  1.03018
 1.02838 -27.1255  1.03048
 1.02868 -27.1106  1.03078
 1.02898 -27.0957  1.03078
 1.02928 -27.0808  1.03108
 1.02958 -27.0659  1.03138
 1.02988 -27.0511  1.03168
 1.03018 -27.0362  1.03198
 1.03048 -27.0214  1.03228
 1.03078 -27.0065  1.03258
 1.03108 -26.9917  1.03288
 1.03138 -26.9769  1.03318
 1.03168 -26.9621  1.03318
 1.03198 -26.9473  1.03348
 1.03228 -26.9325  1.03378
 1.03258 -26.9178  1.03408
 1.03288  -26.903  1.03438
 1.03318 -26.8883  1.03468
 1.03348 -26.8735  1.03498
 1.03378 -26.8588  1.03529
 1.03408 -26.8441  1.03559
 1.03438 -26.8294  1.03559
 1.03468 -26.8147  1.03589
 1.03498 -26.8001  1.03619
 1.03529 -26.7854  1.03649
 1.03559 -26.7707  1.03679
 1.03589 -26.7561  1.03709
 1.03619 -26.7415  1.03739
 1.03649 -26.7268  1.03769
 1.03679 -26.7122  1.03799
 1.03709 -26.6976  1.03799
 1.03739  -26.683  1.03829
 1.03769 -26.6685  1.03859
 1.03799 -26.6539  1.03889
 1.03829 -26.6393  1.03919
 1.03859 -26.6248  1.03949
 1.03889 -26.6103  1.03979
 1.03919 -26.5957  1.04009
 1.03949 -26.5812  1.04039
 1.03979 -26.5667  1.04039
 1.04009 -26.5522  1.04069
 1.04039 -26.5378  1.04099
 1.04069 -26.5233  1.04129
 1.04099 -26.5088  1.04159
 1.04129 -26.4944  1.04189
 1.04159 -26.4799  1.04219
 1.04189 -26.4655  1.04249
 1.04219 -26.4511  1.04249
 1.04249 -26.4367  1.04279
 1.04279 -26.4223  1.04309
 1.04309 -26.4079  1.04339
 1.04339 -26.3935  1.04369
 1.04369 -26.3792  1.04399
 1.04399 -26.3648  1.04429
 1.04429 -26.3505  1.04459
 1.04459 -26.3362  1.04489
 1.04489 -26.3218  1.04489
  1.0452 -26.3075   1.0452
  1.0455 -26.2932   1.0455
  1.0458 -26.2789   1.0458
  1.0461 -26.2647   1.0461
  1.0464 -26.2504   1.0464
  1.0467 -26.2361   1.0467
   1.047 -26.2219    1.047
  1.0473 -26.2077   1.0473
  1.0476 -26.1934   1.0473
  1.0479 -26.1792   1.0476
  1.0482  -26.165   1.0479
  1.0485 -26.1508   1.0482
  1.0488 -26.1366   1.0485
  1.0491 -26.1225   1.0488
  1.0494 -26.1083   1.0491
  1.0497 -26.0942   1.0494
    1.05   -26.08   1.0497
  1.0503 -26.0659   1.0497
  1.0506 -26.0518     1.05
  1.0509 -26.0377   1.0503
  1.0512 -26.0236   1.0506
  1.0515 -26.0095   1.0509
  1.0518 -25.9954   1.0512
  1.0521 -25.9813   1.0515
  1.0524 -25.9673   1.0518
  1.0527 -25.9532   1.0521
   1.053 -25.9392   1.0521
  1.0533 -25.9252   1.0524
  1.0536 -25.9111   1.0527
  1.0539 -25.8971    1.053
  1.0542 -25.8831   1.0533
  1.0545 -25.8692   1.0536
  1.0548 -25.8552   1.0539
 1.05511 -25.8412   1.0542
 1.05541 -25.8273   1.0545
 1.05571 -25.8133   1.0545
 1.05601 -25.7994   1.0548
 1.05631 -25.7855  1.05511
 1.05661 -25.7716  1.05541
 1.05691 -25.7576  1.05571
 1.05721 -25.7438  1.05601
 1.05751 -25.7299  1.05631
 1.05781  -25.716  1.05661
 1.05811 -25.7021  1.05661
 1.05841 -25.6883  1.05691
 1.05871 -25.6744  1.05721
 1.05901 -25.6606  1.05751
 1.05931 -25.6468  1.05781
 1.05961  -25.633  1.05811
 1.05991 -25.6192  1.05841
 1.06021 -25.6054  1.05871
 1.06051 -25.5916  1.05901
 1.06081 -25.5778  1.05901
 1.06111 -25.5641  1.05931
 1.06141 -25.5503  1.05961
 1.06171 -25.5366  1.05991
 1.06201 -25.5229  1.06021
 1.06231 -25.5091  1.06051
 1.06261 -25.4954  1.06081
 1.06291 -25.4817  1.06111
 1.06321  -25.468  1.06141
 1.06351 -25.4544  1.06141
 1.06381 -25.4407  1.06171
 1.06411  -25.427  1.06201
 1.06441 -25.4134  1.06231
 1.06471 -25.3997  1.06261
 1.06502 -25.3861  1.06291
 1.06532 -25.3725  1.06321
 1.06562 -25.3589  1.06351
 1.06592 -25.3453  1.06381
 1.06622 -25.3317  1.06381
 1.06652 -25.3181  1.06411
 1.06682 -25.3045  1.06441
 1.06712  -25.291  1.06471
 1.06742 -25.2774  1.06502
 1.06772 -25.2639  1.06532
 1.06802 -25.2503  1.06562
 1.06832 -25.2368  1.06592
 1.06862 -25.2233  1.06592
 1.06892 -25.2098  1.06622
 1.06922 -25.1963  1.06652
 1.06952 -25.1828  1.06682
 1.06982 -25.1694  1.06712
 1.07012 -25.1559  1.06742
 1.07042 -25.1425  1.06772
 1.07072  -25.129  1.06802
 1.07102 -25.1156  1.06832
 1.07132 -25.1022  1.06832
 1.07162 -25.0887  1.06862
 1.07192 -25.0753  1.06892
 1.07222 -25.0619  1.06922
 1.07252 -25.0486  1.06952
 1.07282 -25.0352  1.06982
 1.07312 -25.0218  1.07012
 1.07342 -25.0085  1.07042
 1.07372 -24.9951  1.07072
 1.07402 -24.9818  1.07072
 1.07432 -24.9685  1.07102
 1.07462 -24.9551  1.07132
 1.07492 -24.9418  1.07162
 1.07523 -24.9285  1.07192
 1.07553 -24.9153  1.07222
 1.07583  -24.902  1.07252
 1.07613 -24.8887  1.07282
 1.07643 -24.8755  1.07312
 1.07673 -24.8622  1.07312
 1.07703  -24.849  1.07342
 1.07733 -24.8357  1.07372
 1.07763 -24.8225  1.07402
 1.07793 -24.8093  1.07432
 1.07823 -24.7961  1.07462
 1.07853 -24.7829  1.07492
 1.07883 -24.7697  1.07523
 1.07913 -24.7566  1.07523
 1.07943 -24.7434  1.07553
 1.07973 -24.7302  1.07583
 1.08003 -24.7171  1.07613
 1.08033  -24.704  1.07643
 1.08063 -24.6908  1.07673
 1.08093 -24.6777  1.07703
 1.08123 -24.6646  1.07733
 1.08153 -24.6515  1.07763
 1.08183 -24.6384  1.07763
 1.08213 -24.6254  1.07793
 1.08243 -24.6123  1.07823
 1.08273 -24.5992  1.07853
 1.08303 -24.5862  1.07883
 1.08333 -24.5731  1.07913
 1.08363 -24.5601  1.07943
 1.08393 -24.5471  1.07973
 1.08423 -24.5341  1.08003
 1.08453 -24.5211  1.08003
 1.08483 -24.5081  1.08033
 1.08514 -24.4951  1.08063
 1.08544 -24.4821  1.08093
 1.08574 -24.4692  1.08123
 1.08604 -24.4562  1.08153
 1.08634 -24.4433  1.08183
 1.08664 -24.4303  1.08213
 1.08694 -24.4174  1.08243
 1.08724 -24.4045  1.08243
 1.08754 -24.3916  1.08273
 1.08784 -24.3787  1.08303
 1.08814 -24.3658  1.08333
 1.08844 -24.3529  1.08363
 1.08874   -24.34  1.08393
 1.08904 -24.3272  1.08423
 1.08934 -24.3143  1.08453
 1.08964 -24.3015  1.08453
 1.08994 -24.2886  1.08483
 1.09024 -24.2758  1.08514
 1.09054  -24.263  1.08544
 1.09084 -24.2502  1.08574
 1.09114 -24.2374  1.08604
 1.09144 -24.2246  1.08634
 1.09174 -24.2118  1.08664
 1.09204  -24.199  1.08694
 1.09234 -24.1863  1.08694
 1.09264 -24.1735  1.08724
 1.09294 -24.1608  1.08754
 1.09324 -24.1481  1.08784
 1.09354 -24.1353  1.08814
 1.09384 -24.1226  1.08844
 1.09414 -24.1099  1.08874
 1.09444 -24.0972  1.08904
 1.09474 -24.0845  1.08934
 1.09505 -24.0718  1.08934
 1.09535 -24.0592  1.08964
 1.09565 -24.0465  1.08994
 1.09595 -24.0339  1.09024
 1.09625 -24.0212  1.09054
 1.09655 -24.0086  1.09084
 1.09685  -23.996  1.09114
 1.09715 -23.9833  1.09144
 1.09745 -23.9707  1.09174
 1.09775 -23.9581  1.09174
 1.09805 -23.9455  1.09204
 1.09835  -23.933  1.09234
 1.09865 -23.9204  1.09264
 1.09895 -23.9078  1.09294
 1.09925 -23.8953  1.09324
 1.09955 -23.8827  1.09354
 1.09985 -23.8702  1.09384
 1.10015 -23.8577  1.09384
 1.10045 -23.8452  1.09414
 1.10075 -23.8326  1.09444
 1.10105 -23.8201  1.09474
 1.10135 -23.8077  1.09505
 1.10165 -23.7952  1.09535
 1.10195 -23.7827  1.09565
 1.10225 -23.7702  1.09595
 1.10255 -23.7578  1.09625
 1.10285 -23.7453  1.09625
 1.10315 -23.7329  1.09655
 1.10345 -23.7205  1.09685
 1.10375  -23.708  1.09715
 1.10405 -23.6956  1.09745
 1.10435 -23.6832  1.09775
 1.10465 -23.6708  1.09805
 1.10495 -23.6585  1.09835
 1.10526 -23.6461  1.09835
 1.10556 -23.6337  1.09865
 1.10586 -23.6214  1.09895
 1.10616  -23.609  1.09925
 1.10646 -23.5967  1.09955
 1.10676 -23.5843  1.09985
 1.10706  -23.572  1.10015
 1.10736 -23.5597  1.10045
 1.10766 -23.5474  1.10075
 1.10796 -23.5351  1.10105
 1.10826 -23.5228  1.10105
 1.10856 -23.5105  1.10135
 1.10886 -23.4983  1.10165
 1.10916  -23.486  1.10195
 1.10946 -23.4737  1.10225
 1.10976 -23.4615  1.10255
 1.11006 -23.4493  1.10285
 1.11036  -23.437  1.10315
 1.11066 -23.4248  1.10315
 1.11096 -23.4126  1.10345
 1.11126 -23.4004  1.10375
 1.11156 -23.3882  1.10405
 1.11186  -23.376  1.10435
 1.11216 -23.3638  1.10465
 1.11246 -23.3517  1.10495
 1.11276 -23.3395  1.10526
 1.11306 -23.3274  1.10556
 1.11336 -23.3152  1.10556
 1.11366 -23.3031  1.10586
 1.11396  -23.291  1.10616
 1.11426 -23.2789  1.10646
 1.11456 -23.2667  1.10676
 1.11486 -23.2547  1.10706
 1.11517 -23.2426  1.10736
 1.11547 -23.2305  1.10766
 1.11577 -23.2184  1.10796
 1.11607 -23.2063  1.10796
 1.11637 -23.1943  1.10826
 1.11667 -23.1822  1.10856
 1.11697 -23.1702  1.10886
 1.11727 -23.1582  1.10916
 1.11757 -23.1461  1.10946
 1.11787 -23.1341  1.10976
 1.11817 -23.1221  1.11006
 1.11847 -23.1101  1.11006
 1.11877 -23.0981  1.11036
 1.11907 -23.0862  1.11066
 1.11937 -23.0742  1.11096
 1.11967 -23.0622  1.11126
 1.11997 -23.0503  1.11156
 1.12027 -23.0383  1.11186
 1.12057 -23.0264  1.11216
 1.12087 -23.0145  1.11246
 1.12117 -23.0025  1.11246
 1.12147 -22.9906  1.11276
 1.12177 -22.9787  1.11306
 1.12207 -22.9668  1.11336
 1.12237 -22.9549  1.11366
 1.12267 -22.9431  1.11396
 1.12297 -22.9312  1.11426
 1.12327 -22.9193  1.11456
 1.12357 -22.9075  1.11456
 1.12387 -22.8956  1.11486
 1.12417 -22.8838  1.11517
 1.12447  -22.872  1.11547
 1.12477 -22.8601  1.11577
 1.12508 -22.8483  1.11607
 1.12538 -22.8365  1.11637
 1.12568 -22.8247  1.11667
 1.12598 -22.8129  1.11697
 1.12628 -22.8012  1.11697
 1.12658 -22.7894  1.11727
 1.12688 -22.7776  1.11757
 1.12718 -22.7659  1.11787
 1.12748 -22.7541  1.11817
 1.12778 -22.7424  1.11847
 1.12808 -22.7307  1.11877
 1.12838 -22.7189  1.11907
 1.12868 -22.7072  1.11937
 1.12898 -22.6955  1.11937
 1.12928 -22.6838  1.11967
 1.12958 -22.6721  1.11997
 1.12988 -22.6604  1.12027
 1.13018 -22.6488  1.12057
 1.13048 -22.6371  1.12087
 1.13078 -22.6255  1.12117
 1.13108 -22.6138  1.12147
 1.13138 -22.6022  1.12177
 1.13168 -22.5905  1.12177
 1.13198 -22.5789  1.12207
 1.13228 -22.5673  1.12237
 1.13258 -22.5557  1.12267
 1.13288 -22.5441  1.12297
 1.13318 -22.5325  1.12327
 1.13348 -22.5209  1.12357
 1.13378 -22.5093  1.12387
 1.13408 -22.4978  1.12387
 1.13438 -22.4862  1.12417
 1.13468 -22.4747  1.12447
 1.13498 -22.4631  1.12477
 1.13529 -22.4516  1.12508
 1.13559   -22.44  1.12538
 1.13589 -22.4285  1.12568
 1.13619  -22.417  1.12598
 1.13649 -22.4055  1.12628
 1.13679  -22.394  1.12628
 1.13709 -22.3825  1.12658
 1.13739 -22.3711  1.12688
 1.13769 -22.3596  1.12718
 1.13799 -22.3481  1.12748
 1.13829 -22.3367  1.12778
 1.13859 -22.3252  1.12808
 1.13889 -22.3138  1.12838
 1.13919 -22.3023  1.12868
 1.13949 -22.2909  1.12868
 1.13979 -22.2795  1.12898
 1.14009 -22.2681  1.12928
 1.14039 -22.2567  1.12958
 1.14069 -22.2453  1.12988
 1.14099 -22.2339  1.13018
 1.14129 -22.2225  1.13048
 1.14159 -22.2112  1.13078
 1.14189 -22.1998  1.13078
 1.14219 -22.1885  1.13108
 1.14249 -22.1771  1.13138
 1.14279 -22.1658  1.13168
 1.14309 -22.1545  1.13198
 1.14339 -22.1431  1.13228
 1.14369 -22.1318  1.13258
 1.14399 -22.1205  1.13288
 1.14429 -22.1092  1.13318
 1.14459 -22.0979  1.13318
 1.14489 -22.0866  1.13348
  1.1452 -22.0754  1.13378
  1.1455 -22.0641  1.13408
  1.1458 -22.0528  1.13438
  1.1461 -22.0416  1.13468
  1.1464 -22.0304  1.13498
  1.1467 -22.0191  1.13529
   1.147 -22.0079  1.13529
  1.1473 -21.9967  1.13559
  1.1476 -21.9855  1.13589
  1.1479 -21.9743  1.13619
  1.1482 -21.9631  1.13649
  1.1485 -21.9519  1.13679
  1.1488 -21.9407  1.13709
  1.1491 -21.9295  1.13739
  1.1494 -21.9184  1.13769
  1.1497 -21.9072  1.13769
    1.15  -21.896  1.13799