 kgrid  ValNew  Policy 
    0.85 -37.8999     0.85
  0.8503 -37.8693     0.85
0.850601 -37.8388     0.85
0.850901 -37.8085     0.85
0.851201 -37.7782     0.85
0.851502 -37.7481     0.85
0.851802 -37.7181     0.85
0.852102 -37.6882     0.85
0.852402 -37.6585     0.85
0.852703 -37.6288     0.85
0.853003 -37.5993     0.85
0.853303   -37.57     0.85
0.853604 -37.5407     0.85
0.853904 -37.5116     0.85
0.854204 -37.4825   0.8503
0.854505 -37.4535   0.8503
0.854805 -37.4246 0.850601
0.855105 -37.3957 0.850601
0.855405 -37.3669 0.850901
0.855706 -37.3381 0.851201
0.856006 -37.3094 0.851201
0.856306 -37.2807 0.851502
0.856607 -37.2521 0.851802
0.856907 -37.2235 0.851802
0.857207 -37.1949 0.852102
0.857508 -37.1665 0.852402
0.857808 -37.1381 0.852402
0.858108 -37.1097 0.852703
0.858408 -37.0814 0.852703
0.858709 -37.0531 0.853003
0.859009 -37.0249 0.853303
0.859309 -36.9967 0.853303
 0.85961 -36.9686 0.853604
 0.85991 -36.9405 0.853904
 0.86021 -36.9125 0.853904
0.860511 -36.8845 0.854204
0.860811 -36.8566 0.854505
0.861111 -36.8287 0.854505
0.861411 -36.8009 0.854805
0.861712 -36.7732 0.854805
0.862012 -36.7454 0.855105
0.862312 -36.7177 0.855405
0.862613 -36.6901 0.855706
0.862913 -36.6625 0.855706
0.863213 -36.6349 0.856006
0.863514 -36.6074 0.856306
0.863814   -36.58 0.856306
0.864114 -36.5525 0.856607
0.864414 -36.5251 0.856907
0.864715 -36.4978 0.856907
0.865015 -36.4705 0.857207
0.865315 -36.4432 0.857508
0.865616  -36.416 0.857508
0.865916 -36.3889 0.857808
0.866216 -36.3617 0.858108
0.866517 -36.3347 0.858408
0.866817 -36.3076 0.858408
0.867117 -36.2806 0.858709
0.867417 -36.2536 0.859009
0.867718 -36.2267 0.859009
0.868018 -36.1998 0.859309
0.868318  -36.173  0.85961
0.868619 -36.1462  0.85961
0.868919 -36.1195  0.85991
0.869219 -36.0928  0.86021
 0.86952 -36.0661 0.860511
 0.86982 -36.0394 0.860511
 0.87012 -36.0129 0.860811
 0.87042 -35.9863 0.861111
0.870721 -35.9598 0.861111
0.871021 -35.9333 0.861411
0.871321 -35.9069 0.861712
0.871622 -35.8805 0.861712
0.871922 -35.8542 0.862012
0.872222 -35.8279 0.862312
0.872523 -35.8016 0.862312
0.872823 -35.7754 0.862613
0.873123 -35.7492 0.862913
0.873423 -35.7231 0.863213
0.873724  -35.697 0.863213
0.874024 -35.6709 0.863514
0.874324 -35.6449 0.863814
0.874625 -35.6189 0.863814
0.874925  -35.593 0.864114
0.875225 -35.5671 0.864414
0.875526 -35.5412 0.864715
0.875826 -35.5154 0.864715
0.876126 -35.4896 0.865015
0.876426 -35.4639 0.865315
0.876727 -35.4381 0.865315
0.877027 -35.4125 0.865616
0.877327 -35.3868 0.865916
0.877628 -35.3612 0.865916
0.877928 -35.3357 0.866216
0.878228 -35.3102 0.866517
0.878529 -35.2847 0.866817
0.878829 -35.2592 0.866817
0.879129 -35.2338 0.867117
0.879429 -35.2085 0.867417
 0.87973 -35.1831 0.867417
 0.88003 -35.1578 0.867718
 0.88033 -35.1326 0.868018
0.880631 -35.1074 0.868318
0.880931 -35.0822 0.868318
0.881231  -35.057 0.868619
0.881532 -35.0319 0.868919
0.881832 -35.0069 0.868919
0.882132 -34.9818 0.869219
0.882432 -34.9568  0.86952
0.882733 -34.9319  0.86952
0.883033  -34.907  0.86982
0.883333 -34.8821  0.87012
0.883634 -34.8572  0.87042
0.883934 -34.8324  0.87042
0.884234 -34.8076 0.870721
0.884535 -34.7829 0.871021
0.884835 -34.7582 0.871021
0.885135 -34.7335 0.871321
0.885435 -34.7089 0.871622
0.885736 -34.6843 0.871922
0.886036 -34.6597 0.871922
0.886336 -34.6352 0.872222
0.886637 -34.6107 0.872523
0.886937 -34.5863 0.872523
0.887237 -34.5619 0.872823
0.887538 -34.5375 0.873123
0.887838 -34.5131 0.873423
0.888138 -34.4888 0.873423
0.888438 -34.4645 0.873724
0.888739 -34.4403 0.874024
0.889039 -34.4161 0.874324
0.889339 -34.3919 0.874324
 0.88964 -34.3677 0.874625
 0.88994 -34.3436 0.874925
 0.89024 -34.3195 0.875225
0.890541 -34.2954 0.875225
0.890841 -34.2714 0.875526
0.891141 -34.2474 0.875826
0.891441 -34.2234 0.876126
0.891742 -34.1994 0.876426
0.892042 -34.1755 0.876727
0.892342 -34.1516 0.876727
0.892643 -34.1277 0.877027
0.892943 -34.1038 0.877327
0.893243   -34.08 0.877628
0.893544 -34.0562 0.877928
0.893844 -34.0324 0.877928
0.894144 -34.0087 0.878228
0.894444 -33.9849 0.878529
0.894745 -33.9612 0.878829
0.895045 -33.9376 0.879129
0.895345 -33.9139 0.879129
0.895646 -33.8903 0.879429
0.895946 -33.8667  0.87973
0.896246 -33.8432  0.88003
0.896547 -33.8196  0.88033
0.896847 -33.7961  0.88033
0.897147 -33.7726 0.880631
0.897447 -33.7492 0.880931
0.897748 -33.7258 0.881231
0.898048 -33.7024 0.881231
0.898348  -33.679 0.881532
0.898649 -33.6556 0.881832
0.898949 -33.6323 0.882132
0.899249  -33.609 0.882432
 0.89955 -33.5858 0.882733
 0.89985 -33.5625 0.882733
 0.90015 -33.5393 0.883033
 0.90045 -33.5161 0.883333
0.900751 -33.4929 0.883634
0.901051 -33.4698 0.883934
0.901351 -33.4467 0.883934
0.901652 -33.4236 0.884234
0.901952 -33.4005 0.884535
0.902252 -33.3775 0.884835
0.902553 -33.3545 0.885135
0.902853 -33.3315 0.885135
0.903153 -33.3085 0.885435
0.903453 -33.2856 0.885736
0.903754 -33.2626 0.886036
0.904054 -33.2398 0.886336
0.904354 -33.2169 0.886336
0.904655  -33.194 0.886637
0.904955 -33.1712 0.886937
0.905255 -33.1484 0.887237
0.905556 -33.1257 0.887538
0.905856 -33.1029 0.887838
0.906156 -33.0802 0.887838
0.906456 -33.0575 0.888138
0.906757 -33.0348 0.888438
0.907057 -33.0122 0.888739
0.907357 -32.9896 0.889039
0.907658  -32.967 0.889039
0.907958 -32.9444 0.889339
0.908258 -32.9219  0.88964
0.908559 -32.8993  0.88994
0.908859 -32.8769  0.89024
0.909159 -32.8544  0.89024
0.909459 -32.8319 0.890541
 0.90976 -32.8095 0.890841
 0.91006 -32.7871 0.891141
 0.91036 -32.7647 0.891441
0.910661 -32.7424 0.891742
0.910961   -32.72 0.891742
0.911261 -32.6977 0.892042
0.911562 -32.6754 0.892342
0.911862 -32.6532 0.892643
0.912162 -32.6309 0.892943
0.912462 -32.6087 0.892943
0.912763 -32.5865 0.893243
0.913063 -32.5644 0.893544
0.913363 -32.5422 0.893844
0.913664 -32.5201 0.894144
0.913964  -32.498 0.894444
0.914264 -32.4759 0.894444
0.914565 -32.4539 0.894745
0.914865 -32.4318 0.895045
0.915165 -32.4098 0.895345
0.915465 -32.3878 0.895646
0.915766 -32.3659 0.895946
0.916066 -32.3439 0.895946
0.916366  -32.322 0.896246
0.916667 -32.3001 0.896547
0.916967 -32.2782 0.896847
0.917267 -32.2564 0.897147
0.917568 -32.2345 0.897147
0.917868 -32.2127 0.897447
0.918168 -32.1909 0.897748
0.918468 -32.1692 0.898048
0.918769 -32.1474 0.898348
0.919069 -32.1257 0.898649
0.919369  -32.104 0.898649
 0.91967 -32.0824 0.898949
 0.91997 -32.0607 0.899249
 0.92027 -32.0391  0.89955
0.920571 -32.0175  0.89985
0.920871 -31.9959  0.90015
0.921171 -31.9743  0.90015
0.921471 -31.9528  0.90045
0.921772 -31.9312 0.900751
0.922072 -31.9097 0.901051
0.922372 -31.8883 0.901351
0.922673 -31.8668 0.901652
0.922973 -31.8454 0.901652
0.923273  -31.824 0.901952
0.923574 -31.8026 0.902252
0.923874 -31.7812 0.902553
0.924174 -31.7599 0.902853
0.924474 -31.7385 0.902853
0.924775 -31.7172 0.903153
0.925075 -31.6959 0.903453
0.925375 -31.6747 0.903754
0.925676 -31.6534 0.904054
0.925976 -31.6322 0.904354
0.926276  -31.611 0.904354
0.926577 -31.5898 0.904655
0.926877 -31.5687 0.904955
0.927177 -31.5476 0.905255
0.927477 -31.5264 0.905556
0.927778 -31.5054 0.905856
0.928078 -31.4843 0.905856
0.928378 -31.4632 0.906156
0.928679 -31.4422 0.906456
0.928979 -31.4212 0.906757
0.929279 -31.4002 0.907057
 0.92958 -31.3792 0.907357
 0.92988 -31.3583 0.907357
 0.93018 -31.3374 0.907658
 0.93048 -31.3165 0.907958
0.930781 -31.2956 0.908258
0.931081 -31.2747 0.908559
0.931381 -31.2539 0.908559
0.931682 -31.2331 0.908859
0.931982 -31.2123 0.909159
0.932282 -31.1915 0.909459
0.932583 -31.1707  0.90976
0.932883   -31.15  0.91006
0.933183 -31.1293  0.91006
0.933483 -31.1086  0.91036
0.933784 -31.0879 0.910661
0.934084 -31.0672 0.910961
0.934384 -31.0466 0.911261
0.934685  -31.026 0.911562
0.934985 -31.0054 0.911562
0.935285 -30.9848 0.911862
0.935586 -30.9642 0.912162
0.935886 -30.9437 0.912462
0.936186 -30.9232 0.912763
0.936486 -30.9027 0.913063
0.936787 -30.8822 0.913363
0.937087 -30.8617 0.913363
0.937387 -30.8413 0.913664
0.937688 -30.8209 0.913964
0.937988 -30.8005 0.914264
0.938288 -30.7801 0.914565
0.938589 -30.7597 0.914865
0.938889 -30.7394 0.914865
0.939189  -30.719 0.915165
0.939489 -30.6987 0.915465
 0.93979 -30.6784 0.915766
 0.94009 -30.6582 0.916066
 0.94039 -30.6379 0.916366
0.940691 -30.6177 0.916366
0.940991 -30.5975 0.916667
0.941291 -30.5773 0.916967
0.941592 -30.5571 0.917267
0.941892  -30.537 0.917568
0.942192 -30.5168 0.917868
0.942492 -30.4967 0.918168
0.942793 -30.4766 0.918168
0.943093 -30.4565 0.918468
0.943393 -30.4365 0.918769
0.943694 -30.4164 0.919069
0.943994 -30.3964 0.919369
0.944294 -30.3764  0.91967
0.944595 -30.3564  0.91967
0.944895 -30.3364  0.91997
0.945195 -30.3165  0.92027
0.945495 -30.2966 0.920571
0.945796 -30.2767 0.920871
0.946096 -30.2568 0.921171
0.946396 -30.2369 0.921171
0.946697  -30.217 0.921471
0.946997 -30.1972 0.921772
0.947297 -30.1774 0.922072
0.947598 -30.1576 0.922372
0.947898 -30.1378 0.922673
0.948198  -30.118 0.922973
0.948498 -30.0983 0.922973
0.948799 -30.0785 0.923273
0.949099 -30.0588 0.923574
0.949399 -30.0391 0.923874
  0.9497 -30.0195 0.924174
    0.95 -29.9998 0.924474
  0.9503 -29.9802 0.924474
0.950601 -29.9606 0.924775
0.950901 -29.9409 0.925075
0.951201 -29.9214 0.925375
0.951502 -29.9018 0.925676
0.951802 -29.8823 0.925976
0.952102 -29.8627 0.926276
0.952402 -29.8432 0.926276
0.952703 -29.8237 0.926577
0.953003 -29.8042 0.926877
0.953303 -29.7848 0.927177
0.953604 -29.7653 0.927477
0.953904 -29.7459 0.927778
0.954204 -29.7265 0.927778
0.954505 -29.7071 0.928078
0.954805 -29.6878 0.928378
0.955105 -29.6684 0.928679
0.955405 -29.6491 0.928979
0.955706 -29.6298 0.929279
0.956006 -29.6105  0.92958
0.956306 -29.5912  0.92958
0.956607 -29.5719  0.92988
0.956907 -29.5527  0.93018
0.957207 -29.5334  0.93048
0.957508 -29.5142 0.930781
0.957808  -29.495 0.931081
0.958108 -29.4759 0.931081
0.958408 -29.4567 0.931381
0.958709 -29.4375 0.931682
0.959009 -29.4184 0.931982
0.959309 -29.3993 0.932282
 0.95961 -29.3802 0.932583
 0.95991 -29.3612 0.932883
 0.96021 -29.3421 0.932883
0.960511 -29.3231 0.933183
0.960811  -29.304 0.933483
0.961111  -29.285 0.933784
0.961411  -29.266 0.934084
0.961712 -29.2471 0.934384
0.962012 -29.2281 0.934384
0.962312 -29.2092 0.934685
0.962613 -29.1903 0.934985
0.962913 -29.1714 0.935285
0.963213 -29.1525 0.935586
0.963514 -29.1336 0.935886
0.963814 -29.1148 0.936186
0.964114 -29.0959 0.936186
0.964414 -29.0771 0.936486
0.964715 -29.0583 0.936787
0.965015 -29.0395 0.937087
0.965315 -29.0208 0.937387
0.965616  -29.002 0.937688
0.965916 -28.9833 0.937688
0.966216 -28.9646 0.937988
0.966517 -28.9459 0.938288
0.966817 -28.9272 0.938589
0.967117 -28.9085 0.938889
0.967417 -28.8899 0.939189
0.967718 -28.8712 0.939489
0.968018 -28.8526 0.939489
0.968318  -28.834  0.93979
0.968619 -28.8154  0.94009
0.968919 -28.7969  0.94039
0.969219 -28.7783 0.940691
 0.96952 -28.7598 0.940991
 0.96982 -28.7413 0.941291
 0.97012 -28.7228 0.941291
 0.97042 -28.7043 0.941592
0.970721 -28.6858 0.941892
0.971021 -28.6674 0.942192
0.971321  -28.649 0.942492
0.971622 -28.6305 0.942793
0.971922 -28.6121 0.942793
0.972222 -28.5938 0.943093
0.972523 -28.5754 0.943393
0.972823  -28.557 0.943694
0.973123 -28.5387 0.943994
0.973423 -28.5204 0.944294
0.973724 -28.5021 0.944595
0.974024 -28.4838 0.944595
0.974324 -28.4655 0.944895
0.974625 -28.4473 0.945195
0.974925  -28.429 0.945495
0.975225 -28.4108 0.945796
0.975526 -28.3926 0.946096
0.975826 -28.3744 0.946396
0.976126 -28.3562 0.946396
0.976426 -28.3381 0.946697
0.976727 -28.3199 0.946997
0.977027 -28.3018 0.947297
0.977327 -28.2837 0.947598
0.977628 -28.2656 0.947898
0.977928 -28.2475 0.948198
0.978228 -28.2295 0.948198
0.978529 -28.2114 0.948498
0.978829 -28.1934 0.948799
0.979129 -28.1754 0.949099
0.979429 -28.1574 0.949399
 0.97973 -28.1394   0.9497
 0.98003 -28.1214   0.9497
 0.98033 -28.1035     0.95
0.980631 -28.0855   0.9503
0.980931 -28.0676 0.950601
0.981231 -28.0497 0.950901
0.981532 -28.0318 0.951201
0.981832 -28.0139 0.951502
0.982132 -27.9961 0.951502
0.982432 -27.9782 0.951802
0.982733 -27.9604 0.952102
0.983033 -27.9426 0.952402
0.983333 -27.9248 0.952703
0.983634  -27.907 0.953003
0.983934 -27.8893 0.953303
0.984234 -27.8715 0.953303
0.984535 -27.8538 0.953604
0.984835  -27.836 0.953904
0.985135 -27.8183 0.954204
0.985435 -27.8007 0.954505
0.985736  -27.783 0.954805
0.986036 -27.7653 0.954805
0.986336 -27.7477 0.955105
0.986637 -27.7301 0.955405
0.986937 -27.7124 0.955706
0.987237 -27.6948 0.956006
0.987538 -27.6773 0.956306
0.987838 -27.6597 0.956607
0.988138 -27.6422 0.956607
0.988438 -27.6246 0.956907
0.988739 -27.6071 0.957207
0.989039 -27.5896 0.957508
0.989339 -27.5721 0.957808
 0.98964 -27.5546 0.958108
 0.98994 -27.5372 0.958408
 0.99024 -27.5197 0.958408
0.990541 -27.5023 0.958709
0.990841 -27.4849 0.959009
0.991141 -27.4675 0.959309
0.991441 -27.4501  0.95961
0.991742 -27.4327  0.95991
0.992042 -27.4154  0.96021
0.992342  -27.398  0.96021
0.992643 -27.3807 0.960511
0.992943 -27.3634 0.960811
0.993243 -27.3461 0.961111
0.993544 -27.3288 0.961411
0.993844 -27.3116 0.961712
0.994144 -27.2943 0.961712
0.994444 -27.2771 0.962012
0.994745 -27.2599 0.962312
0.995045 -27.2427 0.962613
0.995345 -27.2255 0.962913
0.995646 -27.2083 0.963213
0.995946 -27.1911 0.963514
0.996246  -27.174 0.963514
0.996547 -27.1569 0.963814
0.996847 -27.1398 0.964114
0.997147 -27.1226 0.964414
0.997447 -27.1056 0.964715
0.997748 -27.0885 0.965015
0.998048 -27.0714 0.965315
0.998348 -27.0544 0.965315
0.998649 -27.0374 0.965616
0.998949 -27.0203 0.965916
0.999249 -27.0033 0.966216
 0.99955 -26.9864 0.966517
 0.99985 -26.9694 0.966817
 1.00015 -26.9524 0.967117
 1.00045 -26.9355 0.967117
 1.00075 -26.9186 0.967417
 1.00105 -26.9017 0.967718
 1.00135 -26.8848 0.968018
 1.00165 -26.8679 0.968318
 1.00195  -26.851 0.968619
 1.00225 -26.8342 0.968919
 1.00255 -26.8173 0.968919
 1.00285 -26.8005 0.969219
 1.00315 -26.7837  0.96952
 1.00345 -26.7669  0.96982
 1.00375 -26.7501  0.97012
 1.00405 -26.7333  0.97042
 1.00435 -26.7166 0.970721
 1.00465 -26.6998 0.970721
 1.00495 -26.6831 0.971021
 1.00526 -26.6664 0.971321
 1.00556 -26.6497 0.971622
 1.00586  -26.633 0.971922
 1.00616 -26.6163 0.972222
 1.00646 -26.5997 0.972222
 1.00676  -26.583 0.972523
 1.00706 -26.5664 0.972823
 1.00736 -26.5498 0.973123
 1.00766 -26.5332 0.973423
 1.00796 -26.5166 0.973724
 1.00826 -26.5001 0.974024
 1.00856 -26.4835 0.974024
 1.00886 -26.4669 0.974324
 1.00916 -26.4504 0.974625
 1.00946 -26.4339 0.974925
 1.00976 -26.4174 0.975225
 1.01006 -26.4009 0.975526
 1.01036 -26.3844 0.975826
 1.01066  -26.368 0.975826
 1.01096 -26.3515 0.976126
 1.01126 -26.3351 0.976426
 1.01156 -26.3187 0.976727
 1.01186 -26.3023 0.977027
 1.01216 -26.2859 0.977327
 1.01246 -26.2695 0.977628
 1.01276 -26.2532 0.977628
 1.01306 -26.2368 0.977928
 1.01336 -26.2205 0.978228
 1.01366 -26.2041 0.978529
 1.01396 -26.1878 0.978829
 1.01426 -26.1715 0.979129
 1.01456 -26.1553 0.979129
 1.01486  -26.139 0.979429
 1.01517 -26.1227  0.97973
 1.01547 -26.1065  0.98003
 1.01577 -26.0903  0.98033
 1.01607 -26.0741 0.980631
 1.01637 -26.0579 0.980931
 1.01667 -26.0417 0.980931
 1.01697 -26.0255 0.981231
 1.01727 -26.0094 0.981532
 1.01757 -25.9932 0.981832
 1.01787 -25.9771 0.982132
 1.01817  -25.961 0.982432
 1.01847 -25.9449 0.982733
 1.01877 -25.9288 0.982733
 1.01907 -25.9127 0.983033
 1.01937 -25.8966 0.983333
 1.01967 -25.8806 0.983634
 1.01997 -25.8645 0.983934
 1.02027 -25.8485 0.984234
 1.02057 -25.8325 0.984535
 1.02087 -25.8165 0.984535
 1.02117 -25.8005 0.984835
 1.02147 -25.7846 0.985135
 1.02177 -25.7686 0.985435
 1.02207 -25.7527 0.985736
 1.02237 -25.7367 0.986036
 1.02267 -25.7208 0.986336
 1.02297 -25.7049 0.986336
 1.02327  -25.689 0.986637
 1.02357 -25.6731 0.986937
 1.02387 -25.6573 0.987237
 1.02417 -25.6414 0.987538
 1.02447 -25.6256 0.987838
 1.02477 -25.6098 0.988138
 1.02508  -25.594 0.988138
 1.02538 -25.5782 0.988438
 1.02568 -25.5624 0.988739
 1.02598 -25.5466 0.989039
 1.02628 -25.5308 0.989339
 1.02658 -25.5151  0.98964
 1.02688 -25.4994  0.98994
 1.02718 -25.4836  0.98994
 1.02748 -25.4679  0.99024
 1.02778 -25.4522 0.990541
 1.02808 -25.4366 0.990841
 1.02838 -25.4209 0.991141
 1.02868 -25.4052 0.991441
 1.02898 -25.3896 0.991742
 1.02928  -25.374 0.991742
 1.02958 -25.3584 0.992042
 1.02988 -25.3428 0.992342
 1.03018 -25.3272 0.992643
 1.03048 -25.3116 0.992943
 1.03078  -25.296 0.993243
 1.03108 -25.2805 0.993243
 1.03138 -25.2649 0.993544
 1.03168 -25.2494 0.993844
 1.03198 -25.2339 0.994144
 1.03228 -25.2184 0.994444
 1.03258 -25.2029 0.994745
 1.03288 -25.1874 0.995045
 1.03318  -25.172 0.995045
 1.03348 -25.1565 0.995345
 1.03378 -25.1411 0.995646
 1.03408 -25.1257 0.995946
 1.03438 -25.1103 0.996246
 1.03468 -25.0949 0.996547
 1.03498 -25.0795 0.996847
 1.03529 -25.0641 0.996847
 1.03559 -25.0488 0.997147
 1.03589 -25.0334 0.997447
 1.03619 -25.0181 0.997748
 1.03649 -25.0028 0.998048
 1.03679 -24.9874 0.998348
 1.03709 -24.9722 0.998649
 1.03739 -24.9569 0.998649
 1.03769 -24.9416 0.998949
 1.03799 -24.9263 0.999249
 1.03829 -24.9111  0.99955
 1.03859 -24.8959  0.99985
 1.03889 -24.8806  1.00015
 1.03919 -24.8654  1.00045
 1.03949 -24.8502  1.00045
 1.03979 -24.8351  1.00075
 1.04009 -24.8199  1.00105
 1.04039 -24.8047  1.00135
 1.04069 -24.7896  1.00165
 1.04099 -24.7744  1.00195
 1.04129 -24.7593  1.00225
 1.04159 -24.7442  1.00225
 1.04189 -24.7291  1.00255
 1.04219  -24.714  1.00285
 1.04249  -24.699  1.00315
 1.04279 -24.6839  1.00345
 1.04309 -24.6689  1.00375
 1.04339 -24.6538  1.00405
 1.04369 -24.6388  1.00405
 1.04399 -24.6238  1.00435
 1.04429 -24.6088  1.00465
 1.04459 -24.5938  1.00495
 1.04489 -24.5788  1.00526
  1.0452 -24.5639  1.00556
  1.0455 -24.5489  1.00586
  1.0458  -24.534  1.00586
  1.0461 -24.5191  1.00616
  1.0464 -24.5042  1.00646
  1.0467 -24.4893  1.00676
   1.047 -24.4744  1.00706
  1.0473 -24.4595  1.00736
  1.0476 -24.4446  1.00766
  1.0479 -24.4298  1.00766
  1.0482 -24.4149  1.00796
  1.0485 -24.4001  1.00826
  1.0488 -24.3853  1.00856
  1.0491 -24.3705  1.00886
  1.0494 -24.3557  1.00916
  1.0497 -24.3409  1.00916
    1.05 -24.3262  1.00946
  1.0503 -24.3114  1.00976
  1.0506 -24.2967  1.01006
  1.0509 -24.2819  1.01036
  1.0512 -24.2672  1.01066
  1.0515 -24.2525  1.01096
  1.0518 -24.2378  1.01096
  1.0521 -24.2231  1.01126
  1.0524 -24.2085  1.01156
  1.0527 -24.1938  1.01186
   1.053 -24.1792  1.01216
  1.0533 -24.1645  1.01246
  1.0536 -24.1499  1.01276
  1.0539 -24.1353  1.01276
  1.0542 -24.1207  1.01306
  1.0545 -24.1061  1.01336
  1.0548 -24.0915  1.01366
 1.05511  -24.077  1.01396
 1.05541 -24.0624  1.01426
 1.05571 -24.0479  1.01456
 1.05601 -24.0333  1.01456
 1.05631 -24.0188  1.01486
 1.05661 -24.0043  1.01517
 1.05691 -23.9898  1.01547
 1.05721 -23.9753  1.01577
 1.05751 -23.9609  1.01607
 1.05781 -23.9464  1.01637
 1.05811  -23.932  1.01637
 1.05841 -23.9175  1.01667
 1.05871 -23.9031  1.01697
 1.05901 -23.8887  1.01727
 1.05931 -23.8743  1.01757
 1.05961 -23.8599  1.01787
 1.05991 -23.8455  1.01787
 1.06021 -23.8312  1.01817
 1.06051 -23.8168  1.01847
 1.06081 -23.8025  1.01877
 1.06111 -23.7881  1.01907
 1.06141 -23.7738  1.01937
 1.06171 -23.7595  1.01967
 1.06201 -23.7452  1.01967
 1.06231 -23.7309  1.01997
 1.06261 -23.7167  1.02027
 1.06291 -23.7024  1.02057
 1.06321 -23.6882  1.02087
 1.06351 -23.6739  1.02117
 1.06381 -23.6597  1.02147
 1.06411 -23.6455  1.02147
 1.06441 -23.6313  1.02177
 1.06471 -23.6171  1.02207
 1.06502 -23.6029  1.02237
 1.06532 -23.5887  1.02267
 1.06562 -23.5746  1.02297
 1.06592 -23.5604  1.02327
 1.06622 -23.5463  1.02327
 1.06652 -23.5322  1.02357
 1.06682 -23.5181  1.02387
 1.06712 -23.5039  1.02417
 1.06742 -23.4899  1.02447
 1.06772 -23.4758  1.02477
 1.06802 -23.4617  1.02508
 1.06832 -23.4477  1.02508
 1.06862 -23.4336  1.02538
 1.06892 -23.4196  1.02568
 1.06922 -23.4056  1.02598
 1.06952 -23.3915  1.02628
 1.06982 -23.3775  1.02658
 1.07012 -23.3636  1.02688
 1.07042 -23.3496  1.02688
 1.07072 -23.3356  1.02718
 1.07102 -23.3217  1.02748
 1.07132 -23.3077  1.02778
 1.07162 -23.2938  1.02808
 1.07192 -23.2799  1.02838
 1.07222  -23.266  1.02868
 1.07252 -23.2521  1.02868
 1.07282 -23.2382  1.02898
 1.07312 -23.2243  1.02928
 1.07342 -23.2104  1.02958
 1.07372 -23.1966  1.02988
 1.07402 -23.1827  1.03018
 1.07432 -23.1689  1.03048
 1.07462 -23.1551  1.03048
 1.07492 -23.1413  1.03078
 1.07523 -23.1275  1.03108
 1.07553 -23.1137  1.03138
 1.07583 -23.0999  1.03168
 1.07613 -23.0861  1.03198
 1.07643 -23.0724  1.03198
 1.07673 -23.0586  1.03228
 1.07703 -23.0449  1.03258
 1.07733 -23.0312  1.03288
 1.07763 -23.0175  1.03318
 1.07793 -23.0038  1.03348
 1.07823 -22.9901  1.03378
 1.07853 -22.9764  1.03378
 1.07883 -22.9627  1.03408
 1.07913 -22.9491  1.03438
 1.07943 -22.9354  1.03468
 1.07973 -22.9218  1.03498
 1.08003 -22.9082  1.03529
 1.08033 -22.8945  1.03559
 1.08063 -22.8809  1.03559
 1.08093 -22.8673  1.03589
 1.08123 -22.8538  1.03619
 1.08153 -22.8402  1.03649
 1.08183 -22.8266  1.03679
 1.08213 -22.8131  1.03709
 1.08243 -22.7995  1.03739
 1.08273  -22.786  1.03739
 1.08303 -22.7725  1.03769
 1.08333  -22.759  1.03799
 1.08363 -22.7455  1.03829
 1.08393  -22.732  1.03859
 1.08423 -22.7185  1.03889
 1.08453 -22.7051  1.03919
 1.08483 -22.6916  1.03919
 1.08514 -22.6782  1.03949
 1.08544 -22.6647  1.03979
 1.08574 -22.6513  1.04009
 1.08604 -22.6379  1.04039
 1.08634 -22.6245  1.04069
 1.08664 -22.6111  1.04099
 1.08694 -22.5977  1.04099
 1.08724 -22.5844  1.04129
 1.08754  -22.571  1.04159
 1.08784 -22.5577  1.04189
 1.08814 -22.5443  1.04219
 1.08844  -22.531  1.04249
 1.08874 -22.5177  1.04249
 1.08904 -22.5044  1.04279
 1.08934 -22.4911  1.04309
 1.08964 -22.4778  1.04339
 1.08994 -22.4645  1.04369
 1.09024 -22.4513  1.04399
 1.09054  -22.438  1.04429
 1.09084 -22.4248  1.04429
 1.09114 -22.4116  1.04459
 1.09144 -22.3983  1.04489
 1.09174 -22.3851   1.0452
 1.09204 -22.3719   1.0455
 1.09234 -22.3587   1.0458
 1.09264 -22.3456   1.0461
 1.09294 -22.3324   1.0461
 1.09324 -22.3192   1.0464
 1.09354 -22.3061   1.0467
 1.09384 -22.2929    1.047
 1.09414 -22.2798   1.0473
 1.09444 -22.2667   1.0476
 1.09474 -22.2536   1.0476
 1.09505 -22.2405   1.0479
 1.09535 -22.2274   1.0482
 1.09565 -22.2143   1.0485
 1.09595 -22.2013   1.0488
 1.09625 -22.1882   1.0491
 1.09655 -22.1752   1.0494
 1.09685 -22.1621   1.0494
 1.09715 -22.1491   1.0497
 1.09745 -22.1361     1.05
 1.09775 -22.1231   1.0503
 1.09805 -22.1101   1.0506
 1.09835 -22.0971   1.0509
 1.09865 -22.0841   1.0512
 1.09895 -22.0712   1.0512
 1.09925 -22.0582   1.0515
 1.09955 -22.0453   1.0518
 1.09985 -22.0323   1.0521
 1.10015 -22.0194   1.0524
 1.10045 -22.0065   1.0527
 1.10075 -21.9936    1.053
 1.10105 -21.9807    1.053
 1.10135 -21.9678   1.0533
 1.10165  -21.955   1.0536
 1.10195 -21.9421   1.0539
 1.10225 -21.9292   1.0542
 1.10255 -21.9164   1.0545
 1.10285 -21.9036   1.0548
 1.10315 -21.8908   1.0548
 1.10345 -21.8779  1.05511
 1.10375 -21.8651  1.05541
 1.10405 -21.8523  1.05571
 1.10435 -21.8396  1.05601
 1.10465 -21.8268  1.05631
 1.10495  -21.814  1.05661
 1.10526 -21.8013  1.05661
 1.10556 -21.7885  1.05691
 1.10586 -21.7758  1.05721
 1.10616 -21.7631  1.05751
 1.10646 -21.7504  1.05781
 1.10676 -21.7377  1.05811
 1.10706  -21.725  1.05841
 1.10736 -21.7123  1.05841
 1.10766 -21.6996  1.05871
 1.10796  -21.687  1.05901
 1.10826 -21.6743  1.05931
 1.10856 -21.6617  1.05961
 1.10886  -21.649  1.05991
 1.10916 -21.6364  1.06021
 1.10946 -21.6238  1.06021
 1.10976 -21.6112  1.06051
 1.11006 -21.5986  1.06081
 1.11036  -21.586  1.06111
 1.11066 -21.5734  1.06141
 1.11096 -21.5609  1.06171
 1.11126 -21.5483  1.06171
 1.11156 -21.5358  1.06201
 1.11186 -21.5232  1.06231
 1.11216 -21.5107  1.06261
 1.11246 -21.4982  1.06291
 1.11276 -21.4857  1.06321
 1.11306 -21.4732  1.06351
 1.11336 -21.4607  1.06351
 1.11366 -21.4482  1.06381
 1.11396 -21.4358  1.06411
 1.11426 -21.4233  1.06441
 1.11456 -21.4108  1.06471
 1.11486 -21.3984  1.06502
 1.11517  -21.386  1.06532
 1.11547 -21.3736  1.06532
 1.11577 -21.3612  1.06562
 1.11607 -21.3488  1.06592
 1.11637 -21.3364  1.06622
 1.11667  -21.324  1.06652
 1.11697 -21.3116  1.06682
 1.11727 -21.2993  1.06712
 1.11757 -21.2869  1.06712
 1.11787 -21.2746  1.06742
 1.11817 -21.2622  1.06772
 1.11847 -21.2499  1.06802
 1.11877 -21.2376  1.06832
 1.11907 -21.2253  1.06862
 1.11937  -21.213  1.06892
 1.11967 -21.2007  1.06892
 1.11997 -21.1884  1.06922
 1.12027 -21.1762  1.06952
 1.12057 -21.1639  1.06982
 1.12087 -21.1517  1.07012
 1.12117 -21.1394  1.07042
 1.12147 -21.1272  1.07042
 1.12177  -21.115  1.07072
 1.12207 -21.1028  1.07102
 1.12237 -21.0906  1.07132
 1.12267 -21.0784  1.07162
 1.12297 -21.0662  1.07192
 1.12327  -21.054  1.07222
 1.12357 -21.0419  1.07222
 1.12387 -21.0297  1.07252
 1.12417 -21.0176  1.07282
 1.12447 -21.0054  1.07312
 1.12477 -20.9933  1.07342
 1.12508 -20.9812  1.07372
 1.12538 -20.9691  1.07402
 1.12568  -20.957  1.07402
 1.12598 -20.9449  1.07432
 1.12628 -20.9328  1.07462
 1.12658 -20.9207  1.07492
 1.12688 -20.9087  1.07523
 1.12718 -20.8966  1.07553
 1.12748 -20.8846  1.07583
 1.12778 -20.8726  1.07583
 1.12808 -20.8605  1.07613
 1.12838 -20.8485  1.07643
 1.12868 -20.8365  1.07673
 1.12898 -20.8245  1.07703
 1.12928 -20.8125  1.07733
 1.12958 -20.8006  1.07733
 1.12988 -20.7886  1.07763
 1.13018 -20.7766  1.07793
 1.13048 -20.7647  1.07823
 1.13078 -20.7527  1.07853
 1.13108 -20.7408  1.07883
 1.13138 -20.7289  1.07913
 1.13168  -20.717  1.07913
 1.13198 -20.7051  1.07943
 1.13228 -20.6932  1.07973
 1.13258 -20.6813  1.08003
 1.13288 -20.6694  1.08033
 1.13318 -20.6576  1.08063
 1.13348 -20.6457  1.08093
 1.13378 -20.6338  1.08093
 1.13408  -20.622  1.08123
 1.13438 -20.6102  1.08153
 1.13468 -20.5984  1.08183
 1.13498 -20.5865  1.08213
 1.13529 -20.5747  1.08243
 1.13559 -20.5629  1.08273
 1.13589 -20.5512  1.08273
 1.13619 -20.5394  1.08303
 1.13649 -20.5276  1.08333
 1.13679 -20.5159  1.08363
 1.13709 -20.5041  1.08393
 1.13739 -20.4924  1.08423
 1.13769 -20.4806  1.08453
 1.13799 -20.4689  1.08453
 1.13829 -20.4572  1.08483
 1.13859 -20.4455  1.08514
 1.13889 -20.4338  1.08544
 1.13919 -20.4221  1.08574
 1.13949 -20.4104  1.08604
 1.13979 -20.3988  1.08634
 1.14009 -20.3871  1.08634
 1.14039 -20.3754  1.08664
 1.14069 -20.3638  1.08694
 1.14099 -20.3522  1.08724
 1.14129 -20.3405  1.08754
 1.14159 -20.3289  1.08784
 1.14189 -20.3173  1.08784
 1.14219 -20.3057  1.08814
 1.14249 -20.2941  1.08844
 1.14279 -20.2826  1.08874
 1.14309  -20.271  1.08904
 1.14339 -20.2594  1.08934
 1.14369 -20.2479  1.08964
 1.14399 -20.2363  1.08964
 1.14429 -20.2248  1.08994
 1.14459 -20.2133  1.09024
 1.14489 -20.2017  1.09054
  1.1452 -20.1902  1.09084
  1.1455 -20.1787  1.09114
  1.1458 -20.1672  1.09144
  1.1461 -20.1558  1.09144
  1.1464 -20.1443  1.09174
  1.1467 -20.1328  1.09204
   1.147 -20.1213  1.09234
  1.1473 -20.1099  1.09264
  1.1476 -20.0985  1.09294
  1.1479  -20.087  1.09324
  1.1482 -20.0756  1.09324
  1.1485 -20.0642  1.09354
  1.1488 -20.0528  1.09384
  1.1491 -20.0414  1.09414
  1.1494   -20.03  1.09444
  1.1497 -20.0186  1.09474
    1.15 -20.0072  1.09505