 kgrid  ValNew  Policy 
    0.85 -47.0173 0.861411
  0.8503   -46.99 0.861411
0.850601 -46.9627 0.861712
0.850901 -46.9355 0.862012
0.851201 -46.9084 0.862312
0.851502 -46.8812 0.862312
0.851802 -46.8541 0.862613
0.852102 -46.8271 0.862913
0.852402 -46.8001 0.862913
0.852703 -46.7731 0.863213
0.853003 -46.7462 0.863514
0.853303 -46.7193 0.863814
0.853604 -46.6924 0.863814
0.853904 -46.6656 0.864114
0.854204 -46.6388 0.864414
0.854505 -46.6121 0.864715
0.854805 -46.5854 0.864715
0.855105 -46.5587 0.865015
0.855405 -46.5321 0.865315
0.855706 -46.5055 0.865315
0.856006  -46.479 0.865616
0.856306 -46.4524 0.865916
0.856607  -46.426 0.866216
0.856907 -46.3995 0.866216
0.857207 -46.3731 0.866517
0.857508 -46.3468 0.866817
0.857808 -46.3205 0.867117
0.858108 -46.2942 0.867117
0.858408 -46.2679 0.867417
0.858709 -46.2417 0.867718
0.859009 -46.2156 0.868018
0.859309 -46.1894 0.868018
 0.85961 -46.1633 0.868318
 0.85991 -46.1373 0.868619
 0.86021 -46.1113 0.868919
0.860511 -46.0853 0.868919
0.860811 -46.0593 0.869219
0.861111 -46.0334  0.86952
0.861411 -46.0075  0.86982
0.861712 -45.9817  0.86982
0.862012 -45.9559  0.87012
0.862312 -45.9301  0.87042
0.862613 -45.9044  0.87042
0.862913 -45.8787 0.870721
0.863213  -45.853 0.871021
0.863514 -45.8274 0.871321
0.863814 -45.8018 0.871321
0.864114 -45.7762 0.871622
0.864414 -45.7507 0.871922
0.864715 -45.7252 0.872222
0.865015 -45.6997 0.872222
0.865315 -45.6743 0.872523
0.865616 -45.6489 0.872823
0.865916 -45.6235 0.873123
0.866216 -45.5982 0.873423
0.866517 -45.5729 0.873724
0.866817 -45.5476 0.873724
0.867117 -45.5223 0.874024
0.867417 -45.4971 0.874324
0.867718 -45.4719 0.874625
0.868018 -45.4467 0.874925
0.868318 -45.4215 0.875225
0.868619 -45.3964 0.875526
0.868919 -45.3713 0.875526
0.869219 -45.3462 0.875826
 0.86952 -45.3212 0.876126
 0.86982 -45.2961 0.876426
 0.87012 -45.2712 0.876727
 0.87042 -45.2462 0.876727
0.870721 -45.2212 0.877027
0.871021 -45.1963 0.877327
0.871321 -45.1714 0.877628
0.871622 -45.1466 0.877928
0.871922 -45.1217 0.878228
0.872222 -45.0969 0.878529
0.872523 -45.0721 0.878529
0.872823 -45.0474 0.878829
0.873123 -45.0226 0.879129
0.873423 -44.9979 0.879429
0.873724 -44.9732  0.87973
0.874024 -44.9486  0.88003
0.874324 -44.9239  0.88003
0.874625 -44.8993  0.88033
0.874925 -44.8747 0.880631
0.875225 -44.8502 0.880931
0.875526 -44.8256 0.881231
0.875826 -44.8011 0.881532
0.876126 -44.7766 0.881832
0.876426 -44.7522 0.881832
0.876727 -44.7277 0.882132
0.877027 -44.7033 0.882432
0.877327 -44.6789 0.882733
0.877628 -44.6546 0.883033
0.877928 -44.6302 0.883333
0.878228 -44.6059 0.883333
0.878529 -44.5816 0.883634
0.878829 -44.5574 0.883934
0.879129 -44.5331 0.884234
0.879429 -44.5089 0.884535
 0.87973 -44.4847 0.884835
 0.88003 -44.4606 0.884835
 0.88033 -44.4364 0.885135
0.880631 -44.4123 0.885435
0.880931 -44.3882 0.885736
0.881231 -44.3641 0.886036
0.881532 -44.3401 0.886336
0.881832  -44.316 0.886637
0.882132  -44.292 0.886937
0.882432  -44.268 0.886937
0.882733 -44.2441 0.887237
0.883033 -44.2201 0.887538
0.883333 -44.1962 0.887838
0.883634 -44.1723 0.888138
0.883934 -44.1485 0.888438
0.884234 -44.1246 0.888739
0.884535 -44.1008 0.888739
0.884835  -44.077 0.889039
0.885135 -44.0532 0.889339
0.885435 -44.0295  0.88964
0.885736 -44.0057  0.88994
0.886036  -43.982  0.89024
0.886336 -43.9583 0.890541
0.886637 -43.9347 0.890541
0.886937  -43.911 0.890841
0.887237 -43.8874 0.891141
0.887538 -43.8638 0.891441
0.887838 -43.8402 0.891742
0.888138 -43.8166 0.892042
0.888438 -43.7931 0.892342
0.888739 -43.7696 0.892342
0.889039 -43.7461 0.892643
0.889339 -43.7226 0.892943
 0.88964 -43.6992 0.893243
 0.88994 -43.6757 0.893544
 0.89024 -43.6523 0.893844
0.890541  -43.629 0.894144
0.890841 -43.6056 0.894144
0.891141 -43.5823 0.894444
0.891441 -43.5589 0.894745
0.891742 -43.5356 0.895045
0.892042 -43.5124 0.895345
0.892342 -43.4891 0.895646
0.892643 -43.4659 0.895946
0.892943 -43.4427 0.896246
0.893243 -43.4195 0.896246
0.893544 -43.3963 0.896547
0.893844 -43.3732 0.896847
0.894144   -43.35 0.897147
0.894444 -43.3269 0.897447
0.894745 -43.3039 0.897748
0.895045 -43.2808 0.898048
0.895345 -43.2578 0.898048
0.895646 -43.2347 0.898348
0.895946 -43.2117 0.898649
0.896246 -43.1888 0.898949
0.896547 -43.1658 0.899249
0.896847 -43.1429  0.89955
0.897147   -43.12  0.89985
0.897447 -43.0971  0.89985
0.897748 -43.0742  0.90015
0.898048 -43.0513  0.90045
0.898348 -43.0285 0.900751
0.898649 -43.0057 0.901051
0.898949 -42.9829 0.901351
0.899249 -42.9601 0.901652
 0.89955 -42.9374 0.901952
 0.89985 -42.9147 0.901952
 0.90015  -42.892 0.902252
 0.90045 -42.8693 0.902553
0.900751 -42.8466 0.902853
0.901051 -42.8239 0.903153
0.901351 -42.8013 0.903453
0.901652 -42.7787 0.903754
0.901952 -42.7561 0.904054
0.902252 -42.7336 0.904054
0.902553  -42.711 0.904354
0.902853 -42.6885 0.904655
0.903153  -42.666 0.904955
0.903453 -42.6435 0.905255
0.903754  -42.621 0.905556
0.904054 -42.5986 0.905856
0.904354 -42.5761 0.906156
0.904655 -42.5537 0.906156
0.904955 -42.5313 0.906456
0.905255  -42.509 0.906757
0.905556 -42.4866 0.907057
0.905856 -42.4643 0.907357
0.906156 -42.4419 0.907658
0.906456 -42.4196 0.907958
0.906757 -42.3974 0.908258
0.907057 -42.3751 0.908559
0.907357 -42.3529 0.908559
0.907658 -42.3306 0.908859
0.907958 -42.3084 0.909159
0.908258 -42.2862 0.909459
0.908559 -42.2641  0.90976
0.908859 -42.2419  0.91006
0.909159 -42.2198  0.91036
0.909459 -42.1977 0.910661
 0.90976 -42.1756 0.910961
 0.91006 -42.1535 0.910961
 0.91036 -42.1314 0.911261
0.910661 -42.1094 0.911562
0.910961 -42.0874 0.911862
0.911261 -42.0654 0.912162
0.911562 -42.0434 0.912462
0.911862 -42.0214 0.912763
0.912162 -41.9995 0.913063
0.912462 -41.9775 0.913363
0.912763 -41.9556 0.913363
0.913063 -41.9337 0.913664
0.913363 -41.9118 0.913964
0.913664   -41.89 0.914264
0.913964 -41.8681 0.914565
0.914264 -41.8463 0.914865
0.914565 -41.8245 0.915165
0.914865 -41.8027 0.915465
0.915165 -41.7809 0.915766
0.915465 -41.7592 0.915766
0.915766 -41.7374 0.916066
0.916066 -41.7157 0.916366
0.916366  -41.694 0.916667
0.916667 -41.6723 0.916967
0.916967 -41.6507 0.917267
0.917267  -41.629 0.917568
0.917568 -41.6074 0.917868
0.917868 -41.5858 0.918168
0.918168 -41.5642 0.918468
0.918468 -41.5426 0.918468
0.918769  -41.521 0.918769
0.919069 -41.4995 0.919069
0.919369  -41.478 0.919369
 0.91967 -41.4565  0.91967
 0.91997  -41.435  0.91997
 0.92027 -41.4135  0.92027
0.920571  -41.392 0.920571
0.920871 -41.3706 0.920871
0.921171 -41.3492 0.920871
0.921471 -41.3278 0.921171
0.921772 -41.3064 0.921471
0.922072  -41.285 0.921772
0.922372 -41.2637 0.922072
0.922673 -41.2423 0.922372
0.922973  -41.221 0.922673
0.923273 -41.1997 0.922973
0.923574 -41.1784 0.923273
0.923874 -41.1572 0.923273
0.924174 -41.1359 0.923574
0.924474 -41.1147 0.923874
0.924775 -41.0935 0.924174
0.925075 -41.0723 0.924474
0.925375 -41.0511 0.924775
0.925676 -41.0299 0.925075
0.925976 -41.0088 0.925375
0.926276 -40.9876 0.925676
0.926577 -40.9665 0.925676
0.926877 -40.9454 0.925976
0.927177 -40.9243 0.926276
0.927477 -40.9033 0.926577
0.927778 -40.8822 0.926877
0.928078 -40.8612 0.927177
0.928378 -40.8402 0.927477
0.928679 -40.8192 0.927778
0.928979 -40.7982 0.928078
0.929279 -40.7772 0.928378
 0.92958 -40.7563 0.928378
 0.92988 -40.7353 0.928679
 0.93018 -40.7144 0.928979
 0.93048 -40.6935 0.929279
0.930781 -40.6726  0.92958
0.931081 -40.6517  0.92988
0.931381 -40.6309  0.93018
0.931682 -40.6101  0.93048
0.931982 -40.5892 0.930781
0.932282 -40.5684 0.931081
0.932583 -40.5476 0.931081
0.932883 -40.5269 0.931381
0.933183 -40.5061 0.931682
0.933483 -40.4854 0.931982
0.933784 -40.4646 0.932282
0.934084 -40.4439 0.932583
0.934384 -40.4232 0.932883
0.934685 -40.4026 0.933183
0.934985 -40.3819 0.933483
0.935285 -40.3613 0.933784
0.935586 -40.3406 0.933784
0.935886   -40.32 0.934084
0.936186 -40.2994 0.934384
0.936486 -40.2788 0.934685
0.936787 -40.2583 0.934985
0.937087 -40.2377 0.935285
0.937387 -40.2172 0.935586
0.937688 -40.1967 0.935886
0.937988 -40.1762 0.936186
0.938288 -40.1557 0.936486
0.938589 -40.1352 0.936486
0.938889 -40.1148 0.936787
0.939189 -40.0943 0.937087
0.939489 -40.0739 0.937387
 0.93979 -40.0535 0.937688
 0.94009 -40.0331 0.937988
 0.94039 -40.0127 0.938288
0.940691 -39.9924 0.938589
0.940991  -39.972 0.938889
0.941291 -39.9517 0.939189
0.941592 -39.9314 0.939189
0.941892 -39.9111 0.939489
0.942192 -39.8908  0.93979
0.942492 -39.8705  0.94009
0.942793 -39.8503  0.94039
0.943093 -39.8301 0.940691
0.943393 -39.8098 0.940991
0.943694 -39.7896 0.941291
0.943994 -39.7694 0.941592
0.944294 -39.7493 0.941892
0.944595 -39.7291 0.941892
0.944895  -39.709 0.942192
0.945195 -39.6888 0.942492
0.945495 -39.6687 0.942793
0.945796 -39.6486 0.943093
0.946096 -39.6285 0.943393
0.946396 -39.6085 0.943694
0.946697 -39.5884 0.943994
0.946997 -39.5684 0.944294
0.947297 -39.5484 0.944595
0.947598 -39.5284 0.944595
0.947898 -39.5084 0.944895
0.948198 -39.4884 0.945195
0.948498 -39.4684 0.945495
0.948799 -39.4485 0.945796
0.949099 -39.4285 0.946096
0.949399 -39.4086 0.946396
  0.9497 -39.3887 0.946697
    0.95 -39.3688 0.946997
  0.9503  -39.349 0.947297
0.950601 -39.3291 0.947297
0.950901 -39.3093 0.947598
0.951201 -39.2894 0.947898
0.951502 -39.2696 0.948198
0.951802 -39.2498 0.948498
0.952102   -39.23 0.948799
0.952402 -39.2103 0.949099
0.952703 -39.1905 0.949399
0.953003 -39.1708   0.9497
0.953303  -39.151     0.95
0.953604 -39.1313     0.95
0.953904 -39.1116   0.9503
0.954204  -39.092 0.950601
0.954505 -39.0723 0.950901
0.954805 -39.0526 0.951201
0.955105  -39.033 0.951502
0.955405 -39.0134 0.951802
0.955706 -38.9938 0.952102
0.956006 -38.9742 0.952402
0.956306 -38.9546 0.952703
0.956607  -38.935 0.952703
0.956907 -38.9155 0.953003
0.957207 -38.8959 0.953303
0.957508 -38.8764 0.953604
0.957808 -38.8569 0.953904
0.958108 -38.8374 0.954204
0.958408 -38.8179 0.954505
0.958709 -38.7985 0.954805
0.959009  -38.779 0.955105
0.959309 -38.7596 0.955405
 0.95961 -38.7402 0.955706
 0.95991 -38.7208 0.955706
 0.96021 -38.7014 0.956006
0.960511  -38.682 0.956306
0.960811 -38.6626 0.956607
0.961111 -38.6433 0.956907
0.961411 -38.6239 0.957207
0.961712 -38.6046 0.957508
0.962012 -38.5853 0.957808
0.962312  -38.566 0.958108
0.962613 -38.5467 0.958408
0.962913 -38.5275 0.958709
0.963213 -38.5082 0.958709
0.963514  -38.489 0.959009
0.963814 -38.4698 0.959309
0.964114 -38.4505  0.95961
0.964414 -38.4314  0.95991
0.964715 -38.4122  0.96021
0.965015  -38.393 0.960511
0.965315 -38.3739 0.960811
0.965616 -38.3547 0.961111
0.965916 -38.3356 0.961411
0.966216 -38.3165 0.961411
0.966517 -38.2974 0.961712
0.966817 -38.2783 0.962012
0.967117 -38.2592 0.962312
0.967417 -38.2402 0.962613
0.967718 -38.2211 0.962913
0.968018 -38.2021 0.963213
0.968318 -38.1831 0.963514
0.968619 -38.1641 0.963814
0.968919 -38.1451 0.964114
0.969219 -38.1261 0.964414
 0.96952 -38.1072 0.964414
 0.96982 -38.0882 0.964715
 0.97012 -38.0693 0.965015
 0.97042 -38.0504 0.965315
0.970721 -38.0315 0.965616
0.971021 -38.0126 0.965916
0.971321 -37.9937 0.966216
0.971622 -37.9748 0.966517
0.971922  -37.956 0.966817
0.972222 -37.9372 0.967117
0.972523 -37.9183 0.967117
0.972823 -37.8995 0.967417
0.973123 -37.8807 0.967718
0.973423 -37.8619 0.968018
0.973724 -37.8432 0.968318
0.974024 -37.8244 0.968619
0.974324 -37.8057 0.968919
0.974625 -37.7869 0.969219
0.974925 -37.7682  0.96952
0.975225 -37.7495  0.96982
0.975526 -37.7309  0.97012
0.975826 -37.7122  0.97012
0.976126 -37.6935  0.97042
0.976426 -37.6749 0.970721
0.976727 -37.6562 0.971021
0.977027 -37.6376 0.971321
0.977327  -37.619 0.971622
0.977628 -37.6004 0.971922
0.977928 -37.5818 0.972222
0.978228 -37.5633 0.972523
0.978529 -37.5447 0.972823
0.978829 -37.5262 0.973123
0.979129 -37.5076 0.973123
0.979429 -37.4891 0.973423
 0.97973 -37.4706 0.973724
 0.98003 -37.4521 0.974024
 0.98033 -37.4337 0.974324
0.980631 -37.4152 0.974625
0.980931 -37.3967 0.974925
0.981231 -37.3783 0.975225
0.981532 -37.3599 0.975526
0.981832 -37.3415 0.975826
0.982132 -37.3231 0.975826
0.982432 -37.3047 0.976126
0.982733 -37.2863 0.976426
0.983033  -37.268 0.976727
0.983333 -37.2496 0.977027
0.983634 -37.2313 0.977327
0.983934  -37.213 0.977628
0.984234 -37.1947 0.977928
0.984535 -37.1764 0.978228
0.984835 -37.1581 0.978529
0.985135 -37.1399 0.978829
0.985435 -37.1216 0.978829
0.985736 -37.1034 0.979129
0.986036 -37.0851 0.979429
0.986336 -37.0669  0.97973
0.986637 -37.0487  0.98003
0.986937 -37.0305  0.98033
0.987237 -37.0123 0.980631
0.987538 -36.9942 0.980931
0.987838  -36.976 0.981231
0.988138 -36.9579 0.981532
0.988438 -36.9398 0.981832
0.988739 -36.9217 0.981832
0.989039 -36.9036 0.982132
0.989339 -36.8855 0.982432
 0.98964 -36.8674 0.982733
 0.98994 -36.8493 0.983033
 0.99024 -36.8313 0.983333
0.990541 -36.8133 0.983634
0.990841 -36.7952 0.983934
0.991141 -36.7772 0.984234
0.991441 -36.7592 0.984535
0.991742 -36.7413 0.984835
0.992042 -36.7233 0.984835
0.992342 -36.7053 0.985135
0.992643 -36.6874 0.985435
0.992943 -36.6694 0.985736
0.993243 -36.6515 0.986036
0.993544 -36.6336 0.986336
0.993844 -36.6157 0.986637
0.994144 -36.5978 0.986937
0.994444   -36.58 0.987237
0.994745 -36.5621 0.987538
0.995045 -36.5443 0.987538
0.995345 -36.5264 0.987838
0.995646 -36.5086 0.988138
0.995946 -36.4908 0.988438
0.996246  -36.473 0.988739
0.996547 -36.4552 0.989039
0.996847 -36.4374 0.989339
0.997147 -36.4197  0.98964
0.997447 -36.4019  0.98994
0.997748 -36.3842  0.99024
0.998048 -36.3665 0.990541
0.998348 -36.3488 0.990541
0.998649 -36.3311 0.990841
0.998949 -36.3134 0.991141
0.999249 -36.2957 0.991441
 0.99955 -36.2781 0.991742
 0.99985 -36.2604 0.992042
 1.00015 -36.2428 0.992342
 1.00045 -36.2252 0.992643
 1.00075 -36.2076 0.992943
 1.00105   -36.19 0.993243
 1.00135 -36.1724 0.993544
 1.00165 -36.1548 0.993544
 1.00195 -36.1372 0.993844
 1.00225 -36.1197 0.994144
 1.00255 -36.1022 0.994444
 1.00285 -36.0846 0.994745
 1.00315 -36.0671 0.995045
 1.00345 -36.0496 0.995345
 1.00375 -36.0321 0.995646
 1.00405 -36.0147 0.995946
 1.00435 -35.9972 0.996246
 1.00465 -35.9797 0.996547
 1.00495 -35.9623 0.996547
 1.00526 -35.9449 0.996847
 1.00556 -35.9275 0.997147
 1.00586   -35.91 0.997447
 1.00616 -35.8927 0.997748
 1.00646 -35.8753 0.998048
 1.00676 -35.8579 0.998348
 1.00706 -35.8406 0.998649
 1.00736 -35.8232 0.998949
 1.00766 -35.8059 0.999249
 1.00796 -35.7886  0.99955
 1.00826 -35.7713  0.99955
 1.00856  -35.754  0.99985
 1.00886 -35.7367  1.00015
 1.00916 -35.7194  1.00045
 1.00946 -35.7021  1.00075
 1.00976 -35.6849  1.00105
 1.01006 -35.6677  1.00135
 1.01036 -35.6504  1.00165
 1.01066 -35.6332  1.00195
 1.01096  -35.616  1.00225
 1.01126 -35.5988  1.00255
 1.01156 -35.5817  1.00255
 1.01186 -35.5645  1.00285
 1.01216 -35.5473  1.00315
 1.01246 -35.5302  1.00345
 1.01276 -35.5131  1.00375
 1.01306  -35.496  1.00405
 1.01336 -35.4788  1.00435
 1.01366 -35.4618  1.00465
 1.01396 -35.4447  1.00495
 1.01426 -35.4276  1.00526
 1.01456 -35.4105  1.00556
 1.01486 -35.3935  1.00556
 1.01517 -35.3765  1.00586
 1.01547 -35.3594  1.00616
 1.01577 -35.3424  1.00646
 1.01607 -35.3254  1.00676
 1.01637 -35.3084  1.00706
 1.01667 -35.2915  1.00736
 1.01697 -35.2745  1.00766
 1.01727 -35.2575  1.00796
 1.01757 -35.2406  1.00826
 1.01787 -35.2237  1.00856
 1.01817 -35.2067  1.00856
 1.01847 -35.1898  1.00886
 1.01877 -35.1729  1.00916
 1.01907 -35.1561  1.00946
 1.01937 -35.1392  1.00976
 1.01967 -35.1223  1.01006
 1.01997 -35.1055  1.01036
 1.02027 -35.0886  1.01066
 1.02057 -35.0718  1.01096
 1.02087  -35.055  1.01126
 1.02117 -35.0382  1.01156
 1.02147 -35.0214  1.01156
 1.02177 -35.0046  1.01186
 1.02207 -34.9878  1.01216
 1.02237 -34.9711  1.01246
 1.02267 -34.9543  1.01276
 1.02297 -34.9376  1.01306
 1.02327 -34.9209  1.01336
 1.02357 -34.9042  1.01366
 1.02387 -34.8875  1.01396
 1.02417 -34.8708  1.01426
 1.02447 -34.8541  1.01456
 1.02477 -34.8374  1.01456
 1.02508 -34.8208  1.01486
 1.02538 -34.8041  1.01517
 1.02568 -34.7875  1.01547
 1.02598 -34.7709  1.01577
 1.02628 -34.7542  1.01607
 1.02658 -34.7376  1.01637
 1.02688 -34.7211  1.01667
 1.02718 -34.7045  1.01697
 1.02748 -34.6879  1.01727
 1.02778 -34.6714  1.01757
 1.02808 -34.6548  1.01757
 1.02838 -34.6383  1.01787
 1.02868 -34.6218  1.01817
 1.02898 -34.6053  1.01847
 1.02928 -34.5888  1.01877
 1.02958 -34.5723  1.01907
 1.02988 -34.5558  1.01937
 1.03018 -34.5393  1.01967
 1.03048 -34.5229  1.01997
 1.03078 -34.5064  1.02027
 1.03108   -34.49  1.02057
 1.03138 -34.4736  1.02057
 1.03168 -34.4572  1.02087
 1.03198 -34.4408  1.02117
 1.03228 -34.4244  1.02147
 1.03258  -34.408  1.02177
 1.03288 -34.3916  1.02207
 1.03318 -34.3753  1.02237
 1.03348 -34.3589  1.02267
 1.03378 -34.3426  1.02297
 1.03408 -34.3263  1.02327
 1.03438   -34.31  1.02357
 1.03468 -34.2937  1.02357
 1.03498 -34.2774  1.02387
 1.03529 -34.2611  1.02417
 1.03559 -34.2448  1.02447
 1.03589 -34.2286  1.02477
 1.03619 -34.2123  1.02508
 1.03649 -34.1961  1.02538
 1.03679 -34.1799  1.02568
 1.03709 -34.1637  1.02598
 1.03739 -34.1475  1.02628
 1.03769 -34.1313  1.02628
 1.03799 -34.1151  1.02658
 1.03829 -34.0989  1.02688
 1.03859 -34.0828  1.02718
 1.03889 -34.0666  1.02748
 1.03919 -34.0505  1.02778
 1.03949 -34.0344  1.02808
 1.03979 -34.0182  1.02838
 1.04009 -34.0021  1.02868
 1.04039 -33.9861  1.02898
 1.04069   -33.97  1.02928
 1.04099 -33.9539  1.02958
 1.04129 -33.9378  1.02958
 1.04159 -33.9218  1.02988
 1.04189 -33.9057  1.03018
 1.04219 -33.8897  1.03048
 1.04249 -33.8737  1.03078
 1.04279 -33.8577  1.03108
 1.04309 -33.8417  1.03138
 1.04339 -33.8257  1.03168
 1.04369 -33.8097  1.03198
 1.04399 -33.7938  1.03228
 1.04429 -33.7778  1.03258
 1.04459 -33.7619  1.03258
 1.04489 -33.7459  1.03288
  1.0452   -33.73  1.03318
  1.0455 -33.7141  1.03348
  1.0458 -33.6982  1.03378
  1.0461 -33.6823  1.03408
  1.0464 -33.6664  1.03438
  1.0467 -33.6506  1.03468
   1.047 -33.6347  1.03498
  1.0473 -33.6189  1.03529
  1.0476  -33.603  1.03529
  1.0479 -33.5872  1.03559
  1.0482 -33.5714  1.03589
  1.0485 -33.5556  1.03619
  1.0488 -33.5398  1.03649
  1.0491  -33.524  1.03679
  1.0494 -33.5082  1.03709
  1.0497 -33.4925  1.03739
    1.05 -33.4767  1.03769
  1.0503  -33.461  1.03799
  1.0506 -33.4452  1.03829
  1.0509 -33.4295  1.03829
  1.0512 -33.4138  1.03859
  1.0515 -33.3981  1.03889
  1.0518 -33.3824  1.03919
  1.0521 -33.3667  1.03949
  1.0524 -33.3511  1.03979
  1.0527 -33.3354  1.04009
   1.053 -33.3197  1.04039
  1.0533 -33.3041  1.04069
  1.0536 -33.2885  1.04099
  1.0539 -33.2729  1.04129
  1.0542 -33.2573  1.04129
  1.0545 -33.2417  1.04159
  1.0548 -33.2261  1.04189
 1.05511 -33.2105  1.04219
 1.05541 -33.1949  1.04249
 1.05571 -33.1794  1.04279
 1.05601 -33.1638  1.04309
 1.05631 -33.1483  1.04339
 1.05661 -33.1328  1.04369
 1.05691 -33.1173  1.04399
 1.05721 -33.1018  1.04429
 1.05751 -33.0863  1.04429
 1.05781 -33.0708  1.04459
 1.05811 -33.0553  1.04489
 1.05841 -33.0398   1.0452
 1.05871 -33.0244   1.0455
 1.05901 -33.0089   1.0458
 1.05931 -32.9935   1.0461
 1.05961 -32.9781   1.0464
 1.05991 -32.9627   1.0467
 1.06021 -32.9473    1.047
 1.06051 -32.9319   1.0473
 1.06081 -32.9165   1.0476
 1.06111 -32.9011   1.0476
 1.06141 -32.8858   1.0479
 1.06171 -32.8704   1.0482
 1.06201 -32.8551   1.0485
 1.06231 -32.8397   1.0488
 1.06261 -32.8244   1.0491
 1.06291 -32.8091   1.0494
 1.06321 -32.7938   1.0497
 1.06351 -32.7785     1.05
 1.06381 -32.7632   1.0503
 1.06411 -32.7479   1.0503
 1.06441 -32.7327   1.0506
 1.06471 -32.7174   1.0509
 1.06502 -32.7022   1.0512
 1.06532  -32.687   1.0515
 1.06562 -32.6717   1.0518
 1.06592 -32.6565   1.0521
 1.06622 -32.6413   1.0524
 1.06652 -32.6261   1.0527
 1.06682 -32.6109    1.053
 1.06712 -32.5958   1.0533
 1.06742 -32.5806   1.0533
 1.06772 -32.5655   1.0536
 1.06802 -32.5503   1.0539
 1.06832 -32.5352   1.0542
 1.06862 -32.5201   1.0545
 1.06892  -32.505   1.0548
 1.06922 -32.4898  1.05511
 1.06952 -32.4748  1.05541
 1.06982 -32.4597  1.05571
 1.07012 -32.4446  1.05601
 1.07042 -32.4295  1.05631
 1.07072 -32.4145  1.05631
 1.07102 -32.3994  1.05661
 1.07132 -32.3844  1.05691
 1.07162 -32.3694  1.05721
 1.07192 -32.3544  1.05751
 1.07222 -32.3394  1.05781
 1.07252 -32.3244  1.05811
 1.07282 -32.3094  1.05841
 1.07312 -32.2944  1.05871
 1.07342 -32.2794  1.05901
 1.07372 -32.2645  1.05931
 1.07402 -32.2496  1.05931
 1.07432 -32.2346  1.05961
 1.07462 -32.2197  1.05991
 1.07492 -32.2048  1.06021
 1.07523 -32.1899  1.06051
 1.07553  -32.175  1.06081
 1.07583 -32.1601  1.06111
 1.07613 -32.1452  1.06141
 1.07643 -32.1303  1.06171
 1.07673 -32.1155  1.06201
 1.07703 -32.1006  1.06231
 1.07733 -32.0858  1.06231
 1.07763  -32.071  1.06261
 1.07793 -32.0561  1.06291
 1.07823 -32.0413  1.06321
 1.07853 -32.0265  1.06351
 1.07883 -32.0117  1.06381
 1.07913  -31.997  1.06411
 1.07943 -31.9822  1.06441
 1.07973 -31.9674  1.06471
 1.08003 -31.9527  1.06502
 1.08033 -31.9379  1.06532
 1.08063 -31.9232  1.06532
 1.08093 -31.9085  1.06562
 1.08123 -31.8938  1.06592
 1.08153  -31.879  1.06622
 1.08183 -31.8644  1.06652
 1.08213 -31.8497  1.06682
 1.08243  -31.835  1.06712
 1.08273 -31.8203  1.06742
 1.08303 -31.8057  1.06772
 1.08333  -31.791  1.06802
 1.08363 -31.7764  1.06832
 1.08393 -31.7618  1.06832
 1.08423 -31.7471  1.06862
 1.08453 -31.7325  1.06892
 1.08483 -31.7179  1.06922
 1.08514 -31.7033  1.06952
 1.08544 -31.6888  1.06982
 1.08574 -31.6742  1.07012
 1.08604 -31.6596  1.07042
 1.08634 -31.6451  1.07072
 1.08664 -31.6305  1.07102
 1.08694  -31.616  1.07132
 1.08724 -31.6015  1.07132
 1.08754 -31.5869  1.07162
 1.08784 -31.5724  1.07192
 1.08814 -31.5579  1.07222
 1.08844 -31.5434  1.07252
 1.08874  -31.529  1.07282
 1.08904 -31.5145  1.07312
 1.08934    -31.5  1.07342
 1.08964 -31.4856  1.07372
 1.08994 -31.4711  1.07402
 1.09024 -31.4567  1.07432
 1.09054 -31.4423  1.07432
 1.09084 -31.4279  1.07462
 1.09114 -31.4135  1.07492
 1.09144 -31.3991  1.07523
 1.09174 -31.3847  1.07553
 1.09204 -31.3703  1.07583
 1.09234 -31.3559  1.07613
 1.09264 -31.3416  1.07643
 1.09294 -31.3272  1.07673
 1.09324 -31.3129  1.07703
 1.09354 -31.2986  1.07733
 1.09384 -31.2843  1.07733
 1.09414 -31.2699  1.07763
 1.09444 -31.2556  1.07793
 1.09474 -31.2413  1.07823
 1.09505 -31.2271  1.07853
 1.09535 -31.2128  1.07883
 1.09565 -31.1985  1.07913
 1.09595 -31.1843  1.07943
 1.09625   -31.17  1.07973
 1.09655 -31.1558  1.08003
 1.09685 -31.1415  1.08033
 1.09715 -31.1273  1.08033
 1.09745 -31.1131  1.08063
 1.09775 -31.0989  1.08093
 1.09805 -31.0847  1.08123
 1.09835 -31.0705  1.08153
 1.09865 -31.0564  1.08183
 1.09895 -31.0422  1.08213
 1.09925  -31.028  1.08243
 1.09955 -31.0139  1.08273
 1.09985 -30.9997  1.08303
 1.10015 -30.9856  1.08333
 1.10045 -30.9715  1.08333
 1.10075 -30.9574  1.08363
 1.10105 -30.9433  1.08393
 1.10135 -30.9292  1.08423
 1.10165 -30.9151  1.08453
 1.10195  -30.901  1.08483
 1.10225  -30.887  1.08514
 1.10255 -30.8729  1.08544
 1.10285 -30.8589  1.08574
 1.10315 -30.8448  1.08604
 1.10345 -30.8308  1.08634
 1.10375 -30.8168  1.08634
 1.10405 -30.8027  1.08664
 1.10435 -30.7887  1.08694
 1.10465 -30.7747  1.08724
 1.10495 -30.7608  1.08754
 1.10526 -30.7468  1.08784
 1.10556 -30.7328  1.08814
 1.10586 -30.7189  1.08844
 1.10616 -30.7049  1.08874
 1.10646  -30.691  1.08904
 1.10676  -30.677  1.08934
 1.10706 -30.6631  1.08934
 1.10736 -30.6492  1.08964
 1.10766 -30.6353  1.08994
 1.10796 -30.6214  1.09024
 1.10826 -30.6075  1.09054
 1.10856 -30.5936  1.09084
 1.10886 -30.5797  1.09114
 1.10916 -30.5659  1.09144
 1.10946  -30.552  1.09174
 1.10976 -30.5382  1.09204
 1.11006 -30.5243  1.09234
 1.11036 -30.5105  1.09234
 1.11066 -30.4967  1.09264
 1.11096 -30.4829  1.09294
 1.11126 -30.4691  1.09324
 1.11156 -30.4553  1.09354
 1.11186 -30.4415  1.09384
 1.11216 -30.4277  1.09414
 1.11246  -30.414  1.09444
 1.11276 -30.4002  1.09474
 1.11306 -30.3865  1.09505
 1.11336 -30.3727  1.09535
 1.11366  -30.359  1.09535
 1.11396 -30.3453  1.09565
 1.11426 -30.3316  1.09595
 1.11456 -30.3179  1.09625
 1.11486 -30.3042  1.09655
 1.11517 -30.2905  1.09685
 1.11547 -30.2768  1.09715
 1.11577 -30.2631  1.09745
 1.11607 -30.2495  1.09775
 1.11637 -30.2358  1.09805
 1.11667 -30.2222  1.09835
 1.11697 -30.2085  1.09835
 1.11727 -30.1949  1.09865
 1.11757 -30.1813  1.09895
 1.11787 -30.1677  1.09925
 1.11817 -30.1541  1.09955
 1.11847 -30.1405  1.09985
 1.11877 -30.1269  1.10015
 1.11907 -30.1133  1.10045
 1.11937 -30.0997  1.10075
 1.11967 -30.0862  1.10105
 1.11997 -30.0726  1.10135
 1.12027 -30.0591  1.10135
 1.12057 -30.0456  1.10165
 1.12087  -30.032  1.10195
 1.12117 -30.0185  1.10225
 1.12147  -30.005  1.10255
 1.12177 -29.9915  1.10285
 1.12207  -29.978  1.10315
 1.12237 -29.9645  1.10345
 1.12267 -29.9511  1.10375
 1.12297 -29.9376  1.10405
 1.12327 -29.9241  1.10435
 1.12357 -29.9107  1.10435
 1.12387 -29.8972  1.10465
 1.12417 -29.8838  1.10495
 1.12447 -29.8704  1.10526
 1.12477  -29.857  1.10556
 1.12508 -29.8436  1.10586
 1.12538 -29.8302  1.10616
 1.12568 -29.8168  1.10646
 1.12598 -29.8034  1.10676
 1.12628   -29.79  1.10706
 1.12658 -29.7767  1.10706
 1.12688 -29.7633  1.10736
 1.12718   -29.75  1.10766
 1.12748 -29.7366  1.10796
 1.12778 -29.7233  1.10826
 1.12808   -29.71  1.10856
 1.12838 -29.6966  1.10886
 1.12868 -29.6833  1.10916
 1.12898   -29.67  1.10946
 1.12928 -29.6568  1.10976
 1.12958 -29.6435  1.11006
 1.12988 -29.6302  1.11006
 1.13018 -29.6169  1.11036
 1.13048 -29.6037  1.11066
 1.13078 -29.5904  1.11096
 1.13108 -29.5772  1.11126
 1.13138  -29.564  1.11156
 1.13168 -29.5507  1.11186
 1.13198 -29.5375  1.11216
 1.13228 -29.5243  1.11246
 1.13258 -29.5111  1.11276
 1.13288 -29.4979  1.11306
 1.13318 -29.4848  1.11306
 1.13348 -29.4716  1.11336
 1.13378 -29.4584  1.11366
 1.13408 -29.4453  1.11396
 1.13438 -29.4321  1.11426
 1.13468  -29.419  1.11456
 1.13498 -29.4058  1.11486
 1.13529 -29.3927  1.11517
 1.13559 -29.3796  1.11547
 1.13589 -29.3665  1.11577
 1.13619 -29.3534  1.11607
 1.13649 -29.3403  1.11607
 1.13679 -29.3272  1.11637
 1.13709 -29.3141  1.11667
 1.13739 -29.3011  1.11697
 1.13769  -29.288  1.11727
 1.13799  -29.275  1.11757
 1.13829 -29.2619  1.11787
 1.13859 -29.2489  1.11817
 1.13889 -29.2359  1.11847
 1.13919 -29.2228  1.11877
 1.13949 -29.2098  1.11907
 1.13979 -29.1968  1.11907
 1.14009 -29.1838  1.11937
 1.14039 -29.1708  1.11967
 1.14069 -29.1579  1.11997
 1.14099 -29.1449  1.12027
 1.14129 -29.1319  1.12057
 1.14159  -29.119  1.12087
 1.14189  -29.106  1.12117
 1.14219 -29.0931  1.12147
 1.14249 -29.0802  1.12177
 1.14279 -29.0672  1.12207
 1.14309 -29.0543  1.12207
 1.14339 -29.0414  1.12237
 1.14369 -29.0285  1.12267
 1.14399 -29.0156  1.12297
 1.14429 -29.0027  1.12327
 1.14459 -28.9899  1.12357
 1.14489  -28.977  1.12387
  1.1452 -28.9641  1.12417
  1.1455 -28.9513  1.12447
  1.1458 -28.9385  1.12477
  1.1461 -28.9256  1.12508
  1.1464 -28.9128  1.12508
  1.1467    -28.9  1.12538
   1.147 -28.8872  1.12568
  1.1473 -28.8744  1.12598
  1.1476 -28.8616  1.12628
  1.1479 -28.8488  1.12658
  1.1482  -28.836  1.12688
  1.1485 -28.8232  1.12718
  1.1488 -28.8105  1.12748
  1.1491 -28.7977  1.12778
  1.1494  -28.785  1.12808
  1.1497 -28.7722  1.12808
    1.15 -28.7595  1.12838