 kgrid  ValNew  Policy 
    0.85 -11.9041 0.873423
  0.8503 -11.8848 0.873423
0.850601 -11.8655 0.873724
0.850901 -11.8463 0.873724
0.851201 -11.8271 0.874024
0.851502 -11.8079 0.874024
0.851802 -11.7888 0.874324
0.852102 -11.7697 0.874324
0.852402 -11.7507 0.874625
0.852703 -11.7317 0.874625
0.853003 -11.7127 0.874925
0.853303 -11.6938 0.874925
0.853604 -11.6749 0.875225
0.853904 -11.6561 0.875225
0.854204 -11.6372 0.875526
0.854505 -11.6185 0.875826
0.854805 -11.5997 0.875826
0.855105 -11.5811 0.876126
0.855405 -11.5624 0.876126
0.855706 -11.5438 0.876426
0.856006 -11.5252 0.876426
0.856306 -11.5067 0.876727
0.856607 -11.4882 0.876727
0.856907 -11.4697 0.877027
0.857207 -11.4513 0.877027
0.857508 -11.4329 0.877327
0.857808 -11.4146 0.877327
0.858108 -11.3962 0.877628
0.858408  -11.378 0.877628
0.858709 -11.3597 0.877928
0.859009 -11.3416 0.878228
0.859309 -11.3234 0.878228
 0.85961 -11.3053 0.878529
 0.85991 -11.2872 0.878529
 0.86021 -11.2691 0.878829
0.860511 -11.2511 0.878829
0.860811 -11.2331 0.879129
0.861111 -11.2152 0.879129
0.861411 -11.1973 0.879429
0.861712 -11.1794 0.879429
0.862012 -11.1616  0.87973
0.862312 -11.1438  0.87973
0.862613  -11.126  0.88003
0.862913 -11.1083  0.88003
0.863213 -11.0906  0.88033
0.863514  -11.073  0.88033
0.863814 -11.0554 0.880631
0.864114 -11.0378 0.880931
0.864414 -11.0202 0.880931
0.864715 -11.0027 0.881231
0.865015 -10.9853 0.881231
0.865315 -10.9678 0.881532
0.865616 -10.9504 0.881532
0.865916 -10.9331 0.881832
0.866216 -10.9157 0.881832
0.866517 -10.8984 0.882132
0.866817 -10.8812 0.882132
0.867117 -10.8639 0.882432
0.867417 -10.8468 0.882432
0.867718 -10.8296 0.882733
0.868018 -10.8125 0.882733
0.868318 -10.7954 0.883033
0.868619 -10.7783 0.883333
0.868919 -10.7613 0.883333
0.869219 -10.7443 0.883634
 0.86952 -10.7274 0.883634
 0.86982 -10.7105 0.883934
 0.87012 -10.6936 0.883934
 0.87042 -10.6767 0.884234
0.870721 -10.6599 0.884234
0.871021 -10.6431 0.884535
0.871321 -10.6264 0.884535
0.871622 -10.6097 0.884835
0.871922  -10.593 0.884835
0.872222 -10.5764 0.885135
0.872523 -10.5597 0.885135
0.872823 -10.5432 0.885435
0.873123 -10.5266 0.885435
0.873423 -10.5101 0.885736
0.873724 -10.4936 0.886036
0.874024 -10.4772 0.886036
0.874324 -10.4608 0.886336
0.874625 -10.4444 0.886336
0.874925  -10.428 0.886637
0.875225 -10.4117 0.886637
0.875526 -10.3954 0.886937
0.875826 -10.3792 0.886937
0.876126  -10.363 0.887237
0.876426 -10.3468 0.887237
0.876727 -10.3306 0.887538
0.877027 -10.3145 0.887538
0.877327 -10.2984 0.887838
0.877628 -10.2824 0.887838
0.877928 -10.2663 0.888138
0.878228 -10.2503 0.888138
0.878529 -10.2344 0.888438
0.878829 -10.2184 0.888739
0.879129 -10.2025 0.888739
0.879429 -10.1867 0.889039
 0.87973 -10.1708 0.889039
 0.88003  -10.155 0.889339
 0.88033 -10.1393 0.889339
0.880631 -10.1235  0.88964
0.880931 -10.1078  0.88964
0.881231 -10.0921  0.88994
0.881532 -10.0765  0.88994
0.881832 -10.0609  0.89024
0.882132 -10.0453  0.89024
0.882432 -10.0297 0.890541
0.882733 -10.0142 0.890541
0.883033 -9.99869 0.890841
0.883333 -9.98323 0.891141
0.883634 -9.96779 0.891141
0.883934 -9.95239 0.891441
0.884234 -9.93701 0.891441
0.884535 -9.92167 0.891742
0.884835 -9.90636 0.891742
0.885135 -9.89108 0.892042
0.885435 -9.87582 0.892042
0.885736  -9.8606 0.892342
0.886036 -9.84541 0.892342
0.886336 -9.83024 0.892643
0.886637 -9.81511 0.892643
0.886937 -9.80001 0.892943
0.887237 -9.78494 0.892943
0.887538 -9.76989 0.893243
0.887838 -9.75488 0.893243
0.888138 -9.73989 0.893544
0.888438 -9.72494 0.893844
0.888739 -9.71001 0.893844
0.889039 -9.69512 0.894144
0.889339 -9.68024 0.894144
 0.88964 -9.66541 0.894444
 0.88994 -9.65059 0.894444
 0.89024 -9.63581 0.894745
0.890541 -9.62106 0.894745
0.890841 -9.60634 0.895045
0.891141 -9.59164 0.895045
0.891441 -9.57697 0.895345
0.891742 -9.56234 0.895345
0.892042 -9.54773 0.895646
0.892342 -9.53315 0.895646
0.892643 -9.51859 0.895946
0.892943 -9.50408 0.895946
0.893243 -9.48957 0.896246
0.893544 -9.47511 0.896547
0.893844 -9.46067 0.896547
0.894144 -9.44626 0.896847
0.894444 -9.43187 0.896847
0.894745 -9.41752 0.897147
0.895045 -9.40319 0.897147
0.895345 -9.38889 0.897447
0.895646 -9.37462 0.897447
0.895946 -9.36038 0.897748
0.896246 -9.34616 0.897748
0.896547 -9.33197 0.898048
0.896847 -9.31781 0.898048
0.897147 -9.30367 0.898348
0.897447 -9.28957 0.898348
0.897748 -9.27548 0.898649
0.898048 -9.26144 0.898649
0.898348 -9.24741 0.898949
0.898649 -9.23342 0.899249
0.898949 -9.21944 0.899249
0.899249  -9.2055  0.89955
 0.89955 -9.19158  0.89955
 0.89985 -9.17769  0.89985
 0.90015 -9.16382  0.89985
 0.90045 -9.14999  0.90015
0.900751 -9.13618  0.90015
0.901051 -9.12239  0.90045
0.901351 -9.10864  0.90045
0.901652  -9.0949 0.900751
0.901952  -9.0812 0.900751
0.902252 -9.06752 0.901051
0.902553 -9.05387 0.901051
0.902853 -9.04024 0.901351
0.903153 -9.02665 0.901652
0.903453 -9.01307 0.901652
0.903754 -8.99953 0.901952
0.904054   -8.986 0.901952
0.904354 -8.97251 0.902252
0.904655 -8.95903 0.902252
0.904955 -8.94559 0.902553
0.905255 -8.93217 0.902553
0.905556 -8.91878 0.902853
0.905856 -8.90541 0.902853
0.906156 -8.89207 0.903153
0.906456 -8.87876 0.903153
0.906757 -8.86546 0.903453
0.907057  -8.8522 0.903453
0.907357 -8.83896 0.903754
0.907658 -8.82575 0.903754
0.907958 -8.81255 0.904054
0.908258  -8.7994 0.904354
0.908559 -8.78625 0.904354
0.908859 -8.77314 0.904655
0.909159 -8.76005 0.904655
0.909459 -8.74699 0.904955
 0.90976 -8.73394 0.904955
 0.91006 -8.72093 0.905255
 0.91036 -8.70794 0.905255
0.910661 -8.69497 0.905556
0.910961 -8.68203 0.905556
0.911261 -8.66912 0.905856
0.911562 -8.65623 0.905856
0.911862 -8.64336 0.906156
0.912162 -8.63052 0.906156
0.912462 -8.61769 0.906456
0.912763 -8.60491 0.906456
0.913063 -8.59213 0.906757
0.913363 -8.57939 0.907057
0.913664 -8.56666 0.907057
0.913964 -8.55397 0.907357
0.914264 -8.54129 0.907357
0.914565 -8.52864 0.907658
0.914865 -8.51601 0.907658
0.915165 -8.50341 0.907958
0.915465 -8.49083 0.907958
0.915766 -8.47828 0.908258
0.916066 -8.46575 0.908258
0.916366 -8.45324 0.908559
0.916667 -8.44076 0.908559
0.916967  -8.4283 0.908859
0.917267 -8.41586 0.908859
0.917568 -8.40345 0.909159
0.917868 -8.39106 0.909159
0.918168 -8.37869 0.909459
0.918468 -8.36635  0.90976
0.918769 -8.35402  0.90976
0.919069 -8.34173  0.91006
0.919369 -8.32945  0.91006
 0.91967 -8.31721  0.91036
 0.91997 -8.30497  0.91036
 0.92027 -8.29277 0.910661
0.920571 -8.28059 0.910661
0.920871 -8.26843 0.910961
0.921171 -8.25629 0.910961
0.921471 -8.24418 0.911261
0.921772 -8.23209 0.911261
0.922072 -8.22001 0.911562
0.922372 -8.20797 0.911562
0.922673 -8.19594 0.911862
0.922973 -8.18395 0.911862
0.923273 -8.17196 0.912162
0.923574 -8.16001 0.912162
0.923874 -8.14807 0.912462
0.924174 -8.13617 0.912763
0.924474 -8.12427 0.912763
0.924775 -8.11241 0.913063
0.925075 -8.10056 0.913063
0.925375 -8.08874 0.913363
0.925676 -8.07693 0.913363
0.925976 -8.06515 0.913664
0.926276 -8.05339 0.913664
0.926577 -8.04166 0.913964
0.926877 -8.02995 0.913964
0.927177 -8.01825 0.914264
0.927477 -8.00658 0.914264
0.927778 -7.99493 0.914565
0.928078 -7.98331 0.914565
0.928378  -7.9717 0.914865
0.928679 -7.96012 0.914865
0.928979 -7.94855 0.915165
0.929279 -7.93701 0.915465
 0.92958 -7.92549 0.915465
 0.92988 -7.91399 0.915766
 0.93018 -7.90251 0.915766
 0.93048 -7.89106 0.916066
0.930781 -7.87962 0.916066
0.931081 -7.86821 0.916366
0.931381 -7.85681 0.916366
0.931682 -7.84544 0.916667
0.931982 -7.83409 0.916667
0.932282 -7.82276 0.916967
0.932583 -7.81145 0.916967
0.932883 -7.80016 0.917267
0.933183  -7.7889 0.917267
0.933483 -7.77765 0.917568
0.933784 -7.76643 0.917568
0.934084 -7.75522 0.917868
0.934384 -7.74404 0.918168
0.934685 -7.73287 0.918168
0.934985 -7.72173 0.918468
0.935285  -7.7106 0.918468
0.935586  -7.6995 0.918769
0.935886 -7.68842 0.918769
0.936186 -7.67735 0.919069
0.936486 -7.66631 0.919069
0.936787 -7.65529 0.919369
0.937087 -7.64429 0.919369
0.937387 -7.63331  0.91967
0.937688 -7.62235  0.91967
0.937988  -7.6114  0.91997
0.938288 -7.60049  0.91997
0.938589 -7.58958  0.92027
0.938889 -7.57871  0.92027
0.939189 -7.56784 0.920571
0.939489   -7.557 0.920871
 0.93979 -7.54618 0.920871
 0.94009 -7.53538 0.921171
 0.94039 -7.52459 0.921171
0.940691 -7.51383 0.921471
0.940991 -7.50309 0.921471
0.941291 -7.49236 0.921772
0.941592 -7.48166 0.921772
0.941892 -7.47098 0.922072
0.942192 -7.46031 0.922072
0.942492 -7.44966 0.922372
0.942793 -7.43904 0.922372
0.943093 -7.42843 0.922673
0.943393 -7.41785 0.922673
0.943694 -7.40727 0.922973
0.943994 -7.39673 0.922973
0.944294  -7.3862 0.923273
0.944595 -7.37569 0.923574
0.944895 -7.36519 0.923574
0.945195 -7.35473 0.923874
0.945495 -7.34427 0.923874
0.945796 -7.33383 0.924174
0.946096 -7.32342 0.924174
0.946396 -7.31302 0.924474
0.946697 -7.30264 0.924474
0.946997 -7.29228 0.924775
0.947297 -7.28194 0.924775
0.947598 -7.27162 0.925075
0.947898 -7.26132 0.925075
0.948198 -7.25103 0.925375
0.948498 -7.24077 0.925375
0.948799 -7.23051 0.925676
0.949099 -7.22029 0.925676
0.949399 -7.21007 0.925976
  0.9497 -7.19989 0.925976
    0.95 -7.18971 0.926276
  0.9503 -7.17956 0.926577
0.950601 -7.16941 0.926577
0.950901  -7.1593 0.926877
0.951201 -7.14919 0.926877
0.951502 -7.13911 0.927177
0.951802 -7.12905 0.927177
0.952102   -7.119 0.927477
0.952402 -7.10897 0.927477
0.952703 -7.09896 0.927778
0.953003 -7.08897 0.927778
0.953303 -7.07899 0.928078
0.953604 -7.06904 0.928078
0.953904  -7.0591 0.928378
0.954204 -7.04918 0.928378
0.954505 -7.03927 0.928679
0.954805 -7.02939 0.928679
0.955105 -7.01952 0.928979
0.955405 -7.00967 0.929279
0.955706 -6.99983 0.929279
0.956006 -6.99002  0.92958
0.956306 -6.98022  0.92958
0.956607 -6.97045  0.92988
0.956907 -6.96068  0.92988
0.957207 -6.95094  0.93018
0.957508 -6.94121  0.93018
0.957808  -6.9315  0.93048
0.958108  -6.9218  0.93048
0.958408 -6.91213 0.930781
0.958709 -6.90247 0.930781
0.959009 -6.89283 0.931081
0.959309 -6.88321 0.931081
 0.95961 -6.87359 0.931381
 0.95991 -6.86401 0.931381
 0.96021 -6.85443 0.931682
0.960511 -6.84488 0.931682
0.960811 -6.83534 0.931982
0.961111 -6.82582 0.932282
0.961411 -6.81631 0.932282
0.961712 -6.80682 0.932583
0.962012 -6.79735 0.932583
0.962312  -6.7879 0.932883
0.962613 -6.77846 0.932883
0.962913 -6.76904 0.933183
0.963213 -6.75963 0.933183
0.963514 -6.75024 0.933483
0.963814 -6.74087 0.933483
0.964114 -6.73152 0.933784
0.964414 -6.72218 0.933784
0.964715 -6.71286 0.934084
0.965015 -6.70356 0.934084
0.965315 -6.69426 0.934384
0.965616   -6.685 0.934384
0.965916 -6.67573 0.934685
0.966216  -6.6665 0.934985
0.966517 -6.65727 0.934985
0.966817 -6.64807 0.935285
0.967117 -6.63887 0.935285
0.967417  -6.6297 0.935586
0.967718 -6.62054 0.935586
0.968018  -6.6114 0.935886
0.968318 -6.60227 0.935886
0.968619 -6.59316 0.936186
0.968919 -6.58407 0.936186
0.969219 -6.57499 0.936486
 0.96952 -6.56593 0.936486
 0.96982 -6.55688 0.936787
 0.97012 -6.54785 0.936787
 0.97042 -6.53883 0.937087
0.970721 -6.52984 0.937087
0.971021 -6.52085 0.937387
0.971321 -6.51189 0.937387
0.971622 -6.50293 0.937688
0.971922   -6.494 0.937988
0.972222 -6.48508 0.937988
0.972523 -6.47618 0.938288
0.972823 -6.46728 0.938288
0.973123 -6.45841 0.938589
0.973423 -6.44955 0.938589
0.973724 -6.44071 0.938889
0.974024 -6.43188 0.938889
0.974324 -6.42307 0.939189
0.974625 -6.41428 0.939189
0.974925 -6.40549 0.939489
0.975225 -6.39673 0.939489
0.975526 -6.38798  0.93979
0.975826 -6.37924  0.93979
0.976126 -6.37052  0.94009
0.976426 -6.36182  0.94009
0.976727 -6.35313  0.94039
0.977027 -6.34446 0.940691
0.977327 -6.33579 0.940691
0.977628 -6.32715 0.940991
0.977928 -6.31852 0.940991
0.978228 -6.30991 0.941291
0.978529 -6.30131 0.941291
0.978829 -6.29272 0.941592
0.979129 -6.28415 0.941592
0.979429  -6.2756 0.941892
 0.97973 -6.26706 0.941892
 0.98003 -6.25853 0.942192
 0.98033 -6.25002 0.942192
0.980631 -6.24153 0.942492
0.980931 -6.23305 0.942492
0.981231 -6.22458 0.942793
0.981532 -6.21613 0.942793
0.981832 -6.20769 0.943093
0.982132 -6.19927 0.943093
0.982432 -6.19086 0.943393
0.982733 -6.18247 0.943694
0.983033 -6.17409 0.943694
0.983333 -6.16573 0.943994
0.983634 -6.15738 0.943994
0.983934 -6.14904 0.944294
0.984234 -6.14072 0.944294
0.984535 -6.13242 0.944595
0.984835 -6.12412 0.944595
0.985135 -6.11585 0.944895
0.985435 -6.10758 0.944895
0.985736 -6.09933 0.945195
0.986036  -6.0911 0.945195
0.986336 -6.08287 0.945495
0.986637 -6.07467 0.945495
0.986937 -6.06647 0.945796
0.987237  -6.0583 0.945796
0.987538 -6.05013 0.946096
0.987838 -6.04198 0.946096
0.988138 -6.03384 0.946396
0.988438 -6.02572 0.946697
0.988739 -6.01761 0.946697
0.989039 -6.00952 0.946997
0.989339 -6.00144 0.946997
 0.98964 -5.99337 0.947297
 0.98994 -5.98532 0.947297
 0.99024 -5.97728 0.947598
0.990541 -5.96925 0.947598
0.990841 -5.96124 0.947898
0.991141 -5.95324 0.947898
0.991441 -5.94525 0.948198
0.991742 -5.93728 0.948198
0.992042 -5.92933 0.948498
0.992342 -5.92138 0.948498
0.992643 -5.91345 0.948799
0.992943 -5.90554 0.948799
0.993243 -5.89763 0.949099
0.993544 -5.88975 0.949099
0.993844 -5.88186 0.949399
0.994144 -5.87401   0.9497
0.994444 -5.86615   0.9497
0.994745 -5.85832     0.95
0.995045 -5.85049     0.95
0.995345 -5.84269   0.9503
0.995646 -5.83489   0.9503
0.995946 -5.82711 0.950601
0.996246 -5.81933 0.950601
0.996547 -5.81158 0.950901
0.996847 -5.80384 0.950901
0.997147  -5.7961 0.951201
0.997447 -5.78839 0.951201
0.997748 -5.78068 0.951502
0.998048 -5.77299 0.951502
0.998348 -5.76531 0.951802
0.998649 -5.75765 0.951802
0.998949    -5.75 0.952102
0.999249 -5.74236 0.952402
 0.99955 -5.73473 0.952402
 0.99985 -5.72712 0.952703
 1.00015 -5.71952 0.952703
 1.00045 -5.71193 0.953003
 1.00075 -5.70435 0.953003
 1.00105  -5.6968 0.953303
 1.00135 -5.68924 0.953303
 1.00165 -5.68171 0.953604
 1.00195 -5.67418 0.953604
 1.00225 -5.66667 0.953904
 1.00255 -5.65918 0.953904
 1.00285 -5.65169 0.954204
 1.00315 -5.64422 0.954204
 1.00345 -5.63676 0.954505
 1.00375 -5.62931 0.954505
 1.00405 -5.62187 0.954805
 1.00435 -5.61445 0.954805
 1.00465 -5.60704 0.955105
 1.00495 -5.59965 0.955405
 1.00526 -5.59226 0.955405
 1.00556 -5.58489 0.955706
 1.00586 -5.57752 0.955706
 1.00616 -5.57018 0.956006
 1.00646 -5.56284 0.956006
 1.00676 -5.55552 0.956306
 1.00706  -5.5482 0.956306
 1.00736  -5.5409 0.956607
 1.00766 -5.53362 0.956607
 1.00796 -5.52634 0.956907
 1.00826 -5.51908 0.956907
 1.00856 -5.51183 0.957207
 1.00886 -5.50459 0.957207
 1.00916 -5.49736 0.957508
 1.00946 -5.49015 0.957508
 1.00976 -5.48295 0.957808
 1.01006 -5.47576 0.957808
 1.01036 -5.46858 0.958108
 1.01066 -5.46142 0.958408
 1.01096 -5.45426 0.958408
 1.01126 -5.44712 0.958709
 1.01156 -5.43999 0.958709
 1.01186 -5.43287 0.959009
 1.01216 -5.42576 0.959009
 1.01246 -5.41867 0.959309
 1.01276 -5.41159 0.959309
 1.01306 -5.40452  0.95961
 1.01336 -5.39746  0.95961
 1.01366 -5.39041  0.95991
 1.01396 -5.38337  0.95991
 1.01426 -5.37635  0.96021
 1.01456 -5.36934  0.96021
 1.01486 -5.36234 0.960511
 1.01517 -5.35535 0.960511
 1.01547 -5.34837 0.960811
 1.01577 -5.34141 0.960811
 1.01607 -5.33445 0.961111
 1.01637 -5.32751 0.961411
 1.01667 -5.32057 0.961411
 1.01697 -5.31366 0.961712
 1.01727 -5.30675 0.961712
 1.01757 -5.29985 0.962012
 1.01787 -5.29296 0.962012
 1.01817 -5.28609 0.962312
 1.01847 -5.27923 0.962312
 1.01877 -5.27238 0.962613
 1.01907 -5.26554 0.962613
 1.01937 -5.25871 0.962913
 1.01967 -5.25189 0.962913
 1.01997 -5.24508 0.963213
 1.02027 -5.23829 0.963213
 1.02057 -5.23151 0.963514
 1.02087 -5.22474 0.963514
 1.02117 -5.21797 0.963814
 1.02147 -5.21122 0.963814
 1.02177 -5.20448 0.964114
 1.02207 -5.19776 0.964114
 1.02237 -5.19104 0.964414
 1.02267 -5.18433 0.964715
 1.02297 -5.17764 0.964715
 1.02327 -5.17096 0.965015
 1.02357 -5.16428 0.965015
 1.02387 -5.15762 0.965315
 1.02417 -5.15097 0.965315
 1.02447 -5.14433 0.965616
 1.02477  -5.1377 0.965616
 1.02508 -5.13108 0.965916
 1.02538 -5.12447 0.965916
 1.02568 -5.11788 0.966216
 1.02598 -5.11129 0.966216
 1.02628 -5.10472 0.966517
 1.02658 -5.09815 0.966517
 1.02688  -5.0916 0.966817
 1.02718 -5.08506 0.966817
 1.02748 -5.07852 0.967117
 1.02778 -5.07201 0.967117
 1.02808 -5.06549 0.967417
 1.02838 -5.05899 0.967718
 1.02868  -5.0525 0.967718
 1.02898 -5.04603 0.968018
 1.02928 -5.03955 0.968018
 1.02958  -5.0331 0.968318
 1.02988 -5.02665 0.968318
 1.03018 -5.02021 0.968619
 1.03048 -5.01379 0.968619
 1.03078 -5.00737 0.968919
 1.03108 -5.00097 0.968919
 1.03138 -4.99457 0.969219
 1.03168 -4.98819 0.969219
 1.03198 -4.98181  0.96952
 1.03228 -4.97545  0.96952
 1.03258  -4.9691  0.96982
 1.03288 -4.96276  0.96982
 1.03318 -4.95642  0.97012
 1.03348  -4.9501  0.97012
 1.03378 -4.94379  0.97042
 1.03408 -4.93749 0.970721
 1.03438 -4.93119 0.970721
 1.03468 -4.92492 0.971021
 1.03498 -4.91864 0.971021
 1.03529 -4.91238 0.971321
 1.03559 -4.90613 0.971321
 1.03589 -4.89989 0.971622
 1.03619 -4.89366 0.971622
 1.03649 -4.88744 0.971922
 1.03679 -4.88123 0.971922
 1.03709 -4.87503 0.972222
 1.03739 -4.86884 0.972222
 1.03769 -4.86266 0.972523
 1.03799 -4.85649 0.972523
 1.03829 -4.85033 0.972823
 1.03859 -4.84418 0.972823
 1.03889 -4.83804 0.973123
 1.03919 -4.83191 0.973123
 1.03949 -4.82579 0.973423
 1.03979 -4.81968 0.973724
 1.04009 -4.81357 0.973724
 1.04039 -4.80749 0.974024
 1.04069  -4.8014 0.974024
 1.04099 -4.79533 0.974324
 1.04129 -4.78927 0.974324
 1.04159 -4.78322 0.974625
 1.04189 -4.77718 0.974625
 1.04219 -4.77114 0.974925
 1.04249 -4.76512 0.974925
 1.04279 -4.75911 0.975225
 1.04309  -4.7531 0.975225
 1.04339 -4.74711 0.975526
 1.04369 -4.74113 0.975526
 1.04399 -4.73515 0.975826
 1.04429 -4.72919 0.975826
 1.04459 -4.72323 0.976126
 1.04489 -4.71729 0.976126
  1.0452 -4.71135 0.976426
  1.0455 -4.70543 0.976426
  1.0458  -4.6995 0.976727
  1.0461  -4.6936 0.977027
  1.0464  -4.6877 0.977027
  1.0467 -4.68181 0.977327
   1.047 -4.67593 0.977327
  1.0473 -4.67006 0.977628
  1.0476  -4.6642 0.977628
  1.0479 -4.65835 0.977928
  1.0482 -4.65251 0.977928
  1.0485 -4.64667 0.978228
  1.0488 -4.64085 0.978228
  1.0491 -4.63504 0.978529
  1.0494 -4.62923 0.978529
  1.0497 -4.62344 0.978829
    1.05 -4.61765 0.978829
  1.0503 -4.61187 0.979129
  1.0506 -4.60611 0.979129
  1.0509 -4.60035 0.979429
  1.0512  -4.5946 0.979429
  1.0515 -4.58886  0.97973
  1.0518 -4.58313  0.98003
  1.0521  -4.5774  0.98003
  1.0524 -4.57169  0.98033
  1.0527 -4.56599  0.98033
   1.053 -4.56029 0.980631
  1.0533 -4.55461 0.980631
  1.0536 -4.54893 0.980931
  1.0539 -4.54326 0.980931
  1.0542  -4.5376 0.981231
  1.0545 -4.53195 0.981231
  1.0548 -4.52631 0.981532
 1.05511 -4.52068 0.981532
 1.05541 -4.51506 0.981832
 1.05571 -4.50944 0.981832
 1.05601 -4.50384 0.982132
 1.05631 -4.49824 0.982132
 1.05661 -4.49265 0.982432
 1.05691 -4.48708 0.982432
 1.05721 -4.48151 0.982733
 1.05751 -4.47595 0.982733
 1.05781 -4.47039 0.983033
 1.05811 -4.46485 0.983333
 1.05841 -4.45931 0.983333
 1.05871 -4.45379 0.983634
 1.05901 -4.44827 0.983634
 1.05931 -4.44276 0.983934
 1.05961 -4.43726 0.983934
 1.05991 -4.43177 0.984234
 1.06021 -4.42629 0.984234
 1.06051 -4.42082 0.984535
 1.06081 -4.41535 0.984535
 1.06111 -4.40989 0.984835
 1.06141 -4.40445 0.984835
 1.06171 -4.39901 0.985135
 1.06201 -4.39358 0.985135
 1.06231 -4.38815 0.985435
 1.06261 -4.38274 0.985435
 1.06291 -4.37733 0.985736
 1.06321 -4.37194 0.985736
 1.06351 -4.36655 0.986036
 1.06381 -4.36117 0.986336
 1.06411  -4.3558 0.986336
 1.06441 -4.35044 0.986637
 1.06471 -4.34508 0.986637
 1.06502 -4.33974 0.986937
 1.06532  -4.3344 0.986937
 1.06562 -4.32907 0.987237
 1.06592 -4.32375 0.987237
 1.06622 -4.31843 0.987538
 1.06652 -4.31313 0.987538
 1.06682 -4.30783 0.987838
 1.06712 -4.30254 0.987838
 1.06742 -4.29726 0.988138
 1.06772 -4.29199 0.988138
 1.06802 -4.28673 0.988438
 1.06832 -4.28148 0.988438
 1.06862 -4.27623 0.988739
 1.06892 -4.27099 0.988739
 1.06922 -4.26576 0.989039
 1.06952 -4.26054 0.989039
 1.06982 -4.25532 0.989339
 1.07012 -4.25012  0.98964
 1.07042 -4.24492  0.98964
 1.07072 -4.23973  0.98994
 1.07102 -4.23455  0.98994
 1.07132 -4.22937  0.99024
 1.07162 -4.22421  0.99024
 1.07192 -4.21905 0.990541
 1.07222  -4.2139 0.990541
 1.07252 -4.20876 0.990841
 1.07282 -4.20362 0.990841
 1.07312  -4.1985 0.991141
 1.07342 -4.19338 0.991141
 1.07372 -4.18827 0.991441
 1.07402 -4.18317 0.991441
 1.07432 -4.17808 0.991742
 1.07462 -4.17299 0.991742
 1.07492 -4.16791 0.992042
 1.07523 -4.16284 0.992042
 1.07553 -4.15778 0.992342
 1.07583 -4.15273 0.992643
 1.07613 -4.14768 0.992643
 1.07643 -4.14264 0.992943
 1.07673 -4.13761 0.992943
 1.07703 -4.13259 0.993243
 1.07733 -4.12757 0.993243
 1.07763 -4.12256 0.993544
 1.07793 -4.11756 0.993544
 1.07823 -4.11257 0.993844
 1.07853 -4.10758 0.993844
 1.07883 -4.10261 0.994144
 1.07913 -4.09764 0.994144
 1.07943 -4.09268 0.994444
 1.07973 -4.08772 0.994444
 1.08003 -4.08278 0.994745
 1.08033 -4.07784 0.994745
 1.08063 -4.07291 0.995045
 1.08093 -4.06798 0.995045
 1.08123 -4.06307 0.995345
 1.08153 -4.05816 0.995345
 1.08183 -4.05326 0.995646
 1.08213 -4.04837 0.995946
 1.08243 -4.04348 0.995946
 1.08273  -4.0386 0.996246
 1.08303 -4.03373 0.996246
 1.08333 -4.02887 0.996547
 1.08363 -4.02401 0.996547
 1.08393 -4.01916 0.996847
 1.08423 -4.01432 0.996847
 1.08453 -4.00949 0.997147
 1.08483 -4.00466 0.997147
 1.08514 -3.99984 0.997447
 1.08544 -3.99503 0.997447
 1.08574 -3.99023 0.997748
 1.08604 -3.98543 0.997748
 1.08634 -3.98064 0.998048
 1.08664 -3.97586 0.998048
 1.08694 -3.97108 0.998348
 1.08724 -3.96632 0.998348
 1.08754 -3.96156 0.998649
 1.08784 -3.95681 0.998649
 1.08814 -3.95206 0.998949
 1.08844 -3.94732 0.999249
 1.08874 -3.94259 0.999249
 1.08904 -3.93787  0.99955
 1.08934 -3.93315  0.99955
 1.08964 -3.92844  0.99985
 1.08994 -3.92374  0.99985
 1.09024 -3.91904  1.00015
 1.09054 -3.91436  1.00015
 1.09084 -3.90967  1.00045
 1.09114   -3.905  1.00045
 1.09144 -3.90033  1.00075
 1.09174 -3.89568  1.00075
 1.09204 -3.89102  1.00105
 1.09234 -3.88638  1.00105
 1.09264 -3.88174  1.00135
 1.09294 -3.87711  1.00135
 1.09324 -3.87248  1.00165
 1.09354 -3.86787  1.00165
 1.09384 -3.86326  1.00195
 1.09414 -3.85866  1.00195
 1.09444 -3.85406  1.00225
 1.09474 -3.84947  1.00255
 1.09505 -3.84489  1.00255
 1.09535 -3.84031  1.00285
 1.09565 -3.83574  1.00285
 1.09595 -3.83118  1.00315
 1.09625 -3.82663  1.00315
 1.09655 -3.82208  1.00345
 1.09685 -3.81754  1.00345
 1.09715   -3.813  1.00375
 1.09745 -3.80848  1.00375
 1.09775 -3.80396  1.00405
 1.09805 -3.79944  1.00405
 1.09835 -3.79494  1.00435
 1.09865 -3.79044  1.00435
 1.09895 -3.78594  1.00465
 1.09925 -3.78146  1.00465
 1.09955 -3.77698  1.00495
 1.09985 -3.77251  1.00495
 1.10015 -3.76804  1.00526
 1.10045 -3.76358  1.00526
 1.10075 -3.75913  1.00556
 1.10105 -3.75469  1.00586
 1.10135 -3.75024  1.00586
 1.10165 -3.74581  1.00616
 1.10195 -3.74139  1.00616
 1.10225 -3.73697  1.00646
 1.10255 -3.73255  1.00646
 1.10285 -3.72815  1.00676
 1.10315 -3.72375  1.00676
 1.10345 -3.71936  1.00706
 1.10375 -3.71497  1.00706
 1.10405 -3.71059  1.00736
 1.10435 -3.70622  1.00736
 1.10465 -3.70185  1.00766
 1.10495 -3.69749  1.00766
 1.10526 -3.69314  1.00796
 1.10556  -3.6888  1.00796
 1.10586 -3.68445  1.00826
 1.10616 -3.68012  1.00826
 1.10646 -3.67579  1.00856
 1.10676 -3.67147  1.00856
 1.10706 -3.66716  1.00886
 1.10736 -3.66285  1.00916
 1.10766 -3.65855  1.00916
 1.10796 -3.65426  1.00946
 1.10826 -3.64997  1.00946
 1.10856 -3.64569  1.00976
 1.10886 -3.64141  1.00976
 1.10916 -3.63714  1.01006
 1.10946 -3.63288  1.01006
 1.10976 -3.62862  1.01036
 1.11006 -3.62437  1.01036
 1.11036 -3.62013  1.01066
 1.11066 -3.61589  1.01066
 1.11096 -3.61166  1.01096
 1.11126 -3.60743  1.01096
 1.11156 -3.60321  1.01126
 1.11186   -3.599  1.01126
 1.11216  -3.5948  1.01156
 1.11246  -3.5906  1.01156
 1.11276  -3.5864  1.01186
 1.11306 -3.58222  1.01186
 1.11336 -3.57803  1.01216
 1.11366 -3.57386  1.01246
 1.11396 -3.56969  1.01246
 1.11426 -3.56553  1.01276
 1.11456 -3.56137  1.01276
 1.11486 -3.55722  1.01306
 1.11517 -3.55308  1.01306
 1.11547 -3.54894  1.01336
 1.11577 -3.54481  1.01336
 1.11607 -3.54068  1.01366
 1.11637 -3.53656  1.01366
 1.11667 -3.53245  1.01396
 1.11697 -3.52834  1.01396
 1.11727 -3.52424  1.01426
 1.11757 -3.52015  1.01426
 1.11787 -3.51606  1.01456
 1.11817 -3.51198  1.01456
 1.11847  -3.5079  1.01486
 1.11877 -3.50383  1.01486
 1.11907 -3.49976  1.01517
 1.11937  -3.4957  1.01517
 1.11967 -3.49165  1.01547
 1.11997  -3.4876  1.01577
 1.12027 -3.48356  1.01577
 1.12057 -3.47953  1.01607
 1.12087  -3.4755  1.01607
 1.12117 -3.47148  1.01637
 1.12147 -3.46746  1.01637
 1.12177 -3.46345  1.01667
 1.12207 -3.45944  1.01667
 1.12237 -3.45544  1.01697
 1.12267 -3.45145  1.01697
 1.12297 -3.44746  1.01727
 1.12327 -3.44348  1.01727
 1.12357  -3.4395  1.01757
 1.12387 -3.43553  1.01757
 1.12417 -3.43157  1.01787
 1.12447 -3.42761  1.01787
 1.12477 -3.42366  1.01817
 1.12508 -3.41971  1.01817
 1.12538 -3.41577  1.01847
 1.12568 -3.41183  1.01847
 1.12598  -3.4079  1.01877
 1.12628 -3.40398  1.01907
 1.12658 -3.40006  1.01907
 1.12688 -3.39615  1.01937
 1.12718 -3.39224  1.01937
 1.12748 -3.38834  1.01967
 1.12778 -3.38445  1.01967
 1.12808 -3.38056  1.01997
 1.12838 -3.37667  1.01997
 1.12868  -3.3728  1.02027
 1.12898 -3.36892  1.02027
 1.12928 -3.36506  1.02057
 1.12958 -3.36119  1.02057
 1.12988 -3.35734  1.02087
 1.13018 -3.35349  1.02087
 1.13048 -3.34964  1.02117
 1.13078 -3.34581  1.02117
 1.13108 -3.34197  1.02147
 1.13138 -3.33815  1.02147
 1.13168 -3.33432  1.02177
 1.13198 -3.33051  1.02177
 1.13228  -3.3267  1.02207
 1.13258 -3.32289  1.02207
 1.13288 -3.31909  1.02237
 1.13318  -3.3153  1.02267
 1.13348 -3.31151  1.02267
 1.13378 -3.30773  1.02297
 1.13408 -3.30395  1.02297
 1.13438 -3.30018  1.02327
 1.13468 -3.29641  1.02327
 1.13498 -3.29265  1.02357
 1.13529 -3.28889  1.02357
 1.13559 -3.28514  1.02387
 1.13589  -3.2814  1.02387
 1.13619 -3.27766  1.02417
 1.13649 -3.27393  1.02417
 1.13679  -3.2702  1.02447
 1.13709 -3.26647  1.02447
 1.13739 -3.26276  1.02477
 1.13769 -3.25904  1.02477
 1.13799 -3.25534  1.02508
 1.13829 -3.25164  1.02508
 1.13859 -3.24794  1.02538
 1.13889 -3.24425  1.02538
 1.13919 -3.24056  1.02568
 1.13949 -3.23688  1.02598
 1.13979 -3.23321  1.02598
 1.14009 -3.22954  1.02628
 1.14039 -3.22587  1.02628
 1.14069 -3.22222  1.02658
 1.14099 -3.21856  1.02658
 1.14129 -3.21491  1.02688
 1.14159 -3.21127  1.02688
 1.14189 -3.20763  1.02718
 1.14219   -3.204  1.02718
 1.14249 -3.20037  1.02748
 1.14279 -3.19675  1.02748
 1.14309 -3.19313  1.02778
 1.14339 -3.18952  1.02778
 1.14369 -3.18591  1.02808
 1.14399 -3.18231  1.02808
 1.14429 -3.17872  1.02838
 1.14459 -3.17513  1.02838
 1.14489 -3.17154  1.02868
  1.1452 -3.16796  1.02868
  1.1455 -3.16438  1.02898
  1.1458 -3.16081  1.02928
  1.1461 -3.15725  1.02928
  1.1464 -3.15369  1.02958
  1.1467 -3.15013  1.02958
   1.147 -3.14658  1.02988
  1.1473 -3.14304  1.02988
  1.1476  -3.1395  1.03018
  1.1479 -3.13596  1.03018
  1.1482 -3.13243  1.03048
  1.1485 -3.12891  1.03048
  1.1488 -3.12539  1.03078
  1.1491 -3.12187  1.03078
  1.1494 -3.11836  1.03108
  1.1497 -3.11486  1.03108
    1.15 -3.11136  1.03138