 kgrid  ValNew  Policy 
    0.85 -40.1343     0.85
  0.8503 -40.0944     0.85
0.850601 -40.0547     0.85
0.850901 -40.0151     0.85
0.851201 -39.9758     0.85
0.851502 -39.9366     0.85
0.851802 -39.8975     0.85
0.852102 -39.8586     0.85
0.852402 -39.8199     0.85
0.852703 -39.7814     0.85
0.853003  -39.743     0.85
0.853303 -39.7048     0.85
0.853604 -39.6668     0.85
0.853904 -39.6289     0.85
0.854204 -39.5912     0.85
0.854505 -39.5537     0.85
0.854805 -39.5163     0.85
0.855105 -39.4791     0.85
0.855405  -39.442     0.85
0.855706 -39.4051     0.85
0.856006 -39.3683     0.85
0.856306 -39.3318     0.85
0.856607 -39.2953     0.85
0.856907  -39.259     0.85
0.857207 -39.2229     0.85
0.857508  -39.187     0.85
0.857808 -39.1511     0.85
0.858108 -39.1155     0.85
0.858408   -39.08     0.85
0.858709 -39.0446     0.85
0.859009 -39.0094     0.85
0.859309 -38.9744     0.85
 0.85961 -38.9395     0.85
 0.85991 -38.9047     0.85
 0.86021 -38.8701     0.85
0.860511 -38.8356     0.85
0.860811 -38.8013     0.85
0.861111 -38.7671     0.85
0.861411 -38.7331     0.85
0.861712 -38.6992     0.85
0.862012 -38.6655     0.85
0.862312 -38.6319     0.85
0.862613 -38.5984     0.85
0.862913 -38.5651     0.85
0.863213 -38.5319     0.85
0.863514 -38.4989     0.85
0.863814  -38.466     0.85
0.864114 -38.4332     0.85
0.864414 -38.4006     0.85
0.864715 -38.3681     0.85
0.865015 -38.3358     0.85
0.865315 -38.3036     0.85
0.865616 -38.2715     0.85
0.865916 -38.2395     0.85
0.866216 -38.2077     0.85
0.866517  -38.176     0.85
0.866817 -38.1445     0.85
0.867117 -38.1131     0.85
0.867417 -38.0818     0.85
0.867718 -38.0506     0.85
0.868018 -38.0196     0.85
0.868318 -37.9887     0.85
0.868619 -37.9579     0.85
0.868919 -37.9273     0.85
0.869219 -37.8968     0.85
 0.86952 -37.8664     0.85
 0.86982 -37.8361     0.85
 0.87012  -37.806     0.85
 0.87042  -37.776     0.85
0.870721 -37.7461     0.85
0.871021 -37.7163     0.85
0.871321 -37.6867     0.85
0.871622 -37.6571     0.85
0.871922 -37.6277     0.85
0.872222 -37.5984     0.85
0.872523 -37.5693     0.85
0.872823 -37.5402     0.85
0.873123 -37.5113     0.85
0.873423 -37.4825   0.8503
0.873724 -37.4537   0.8503
0.874024  -37.425 0.850601
0.874324 -37.3963 0.850601
0.874625 -37.3677 0.850901
0.874925 -37.3391 0.851201
0.875225 -37.3106 0.851201
0.875526 -37.2821 0.851502
0.875826 -37.2537 0.851802
0.876126 -37.2253 0.851802
0.876426  -37.197 0.852102
0.876727 -37.1687 0.852102
0.877027 -37.1405 0.852402
0.877327 -37.1123 0.852703
0.877628 -37.0842 0.852703
0.877928 -37.0561 0.853003
0.878228 -37.0281 0.853303
0.878529 -37.0001 0.853303
0.878829 -36.9722 0.853604
0.879129 -36.9444 0.853904
0.879429 -36.9165 0.853904
 0.87973 -36.8887 0.854204
 0.88003  -36.861 0.854204
 0.88033 -36.8333 0.854505
0.880631 -36.8057 0.854805
0.880931 -36.7781 0.854805
0.881231 -36.7506 0.855105
0.881532 -36.7231 0.855405
0.881832 -36.6957 0.855405
0.882132 -36.6682 0.855706
0.882432 -36.6409 0.856006
0.882733 -36.6135 0.856006
0.883033 -36.5863 0.856306
0.883333  -36.559 0.856607
0.883634 -36.5318 0.856907
0.883934 -36.5047 0.856907
0.884234 -36.4775 0.857207
0.884535 -36.4505 0.857508
0.884835 -36.4234 0.857508
0.885135 -36.3965 0.857808
0.885435 -36.3695 0.858108
0.885736 -36.3426 0.858108
0.886036 -36.3157 0.858408
0.886336 -36.2889 0.858709
0.886637 -36.2622 0.858709
0.886937 -36.2354 0.859009
0.887237 -36.2087 0.859309
0.887538 -36.1821  0.85961
0.887838 -36.1554  0.85961
0.888138 -36.1289  0.85991
0.888438 -36.1023  0.86021
0.888739 -36.0758  0.86021
0.889039 -36.0494 0.860511
0.889339  -36.023 0.860811
 0.88964 -35.9966 0.860811
 0.88994 -35.9703 0.861111
 0.89024  -35.944 0.861411
0.890541 -35.9177 0.861411
0.890841 -35.8915 0.861712
0.891141 -35.8653 0.862012
0.891441 -35.8392 0.862012
0.891742 -35.8131 0.862312
0.892042 -35.7871 0.862613
0.892342 -35.7611 0.862913
0.892643 -35.7351 0.862913
0.892943 -35.7091 0.863213
0.893243 -35.6833 0.863514
0.893544 -35.6574 0.863514
0.893844 -35.6316 0.863814
0.894144 -35.6058 0.864114
0.894444 -35.5801 0.864114
0.894745 -35.5544 0.864414
0.895045 -35.5287 0.864715
0.895345 -35.5031 0.864715
0.895646 -35.4775 0.865015
0.895946 -35.4519 0.865315
0.896246 -35.4264 0.865616
0.896547  -35.401 0.865616
0.896847 -35.3755 0.865916
0.897147 -35.3501 0.866216
0.897447 -35.3248 0.866216
0.897748 -35.2994 0.866517
0.898048 -35.2741 0.866817
0.898348 -35.2489 0.867117
0.898649 -35.2237 0.867117
0.898949 -35.1985 0.867417
0.899249 -35.1734 0.867718
 0.89955 -35.1483 0.867718
 0.89985 -35.1232 0.868018
 0.90015 -35.0982 0.868318
 0.90045 -35.0732 0.868318
0.900751 -35.0483 0.868619
0.901051 -35.0233 0.868919
0.901351 -34.9985 0.869219
0.901652 -34.9736 0.869219
0.901952 -34.9488  0.86952
0.902252  -34.924  0.86982
0.902553 -34.8993  0.86982
0.902853 -34.8746  0.87012
0.903153 -34.8499  0.87042
0.903453 -34.8253  0.87042
0.903754 -34.8007 0.870721
0.904054 -34.7762 0.871021
0.904354 -34.7517 0.871321
0.904655 -34.7272 0.871321
0.904955 -34.7027 0.871622
0.905255 -34.6783 0.871922
0.905556 -34.6539 0.871922
0.905856 -34.6296 0.872222
0.906156 -34.6053 0.872523
0.906456  -34.581 0.872823
0.906757 -34.5568 0.872823
0.907057 -34.5326 0.873123
0.907357 -34.5084 0.873423
0.907658 -34.4843 0.873423
0.907958 -34.4602 0.873724
0.908258 -34.4361 0.874024
0.908559 -34.4121 0.874324
0.908859  -34.388 0.874324
0.909159 -34.3641 0.874625
0.909459 -34.3401 0.874925
 0.90976 -34.3162 0.875225
 0.91006 -34.2923 0.875526
 0.91036 -34.2684 0.875526
0.910661 -34.2445 0.875826
0.910961 -34.2207 0.876126
0.911261 -34.1969 0.876426
0.911562 -34.1732 0.876727
0.911862 -34.1494 0.876727
0.912162 -34.1257 0.877027
0.912462  -34.102 0.877327
0.912763 -34.0784 0.877628
0.913063 -34.0547 0.877928
0.913363 -34.0311 0.877928
0.913664 -34.0075 0.878228
0.913964  -33.984 0.878529
0.914264 -33.9604 0.878829
0.914565  -33.937 0.879129
0.914865 -33.9135 0.879129
0.915165   -33.89 0.879429
0.915465 -33.8666  0.87973
0.915766 -33.8432  0.88003
0.916066 -33.8198  0.88033
0.916366 -33.7965  0.88033
0.916667 -33.7732 0.880631
0.916967 -33.7499 0.880931
0.917267 -33.7266 0.881231
0.917568 -33.7034 0.881231
0.917868 -33.6802 0.881532
0.918168  -33.657 0.881832
0.918468 -33.6338 0.882132
0.918769 -33.6107 0.882432
0.919069 -33.5876 0.882733
0.919369 -33.5645 0.882733
 0.91967 -33.5414 0.883033
 0.91997 -33.5184 0.883333
 0.92027 -33.4954 0.883634
0.920571 -33.4724 0.883934
0.920871 -33.4494 0.883934
0.921171 -33.4265 0.884234
0.921471 -33.4036 0.884535
0.921772 -33.3807 0.884835
0.922072 -33.3579 0.884835
0.922372  -33.335 0.885135
0.922673 -33.3122 0.885435
0.922973 -33.2894 0.885736
0.923273 -33.2666 0.886036
0.923574 -33.2439 0.886036
0.923874 -33.2212 0.886336
0.924174 -33.1985 0.886637
0.924474 -33.1758 0.886937
0.924775 -33.1532 0.887237
0.925075 -33.1306 0.887538
0.925375  -33.108 0.887538
0.925676 -33.0854 0.887838
0.925976 -33.0629 0.888138
0.926276 -33.0404 0.888438
0.926577 -33.0179 0.888739
0.926877 -32.9954 0.888739
0.927177  -32.973 0.889039
0.927477 -32.9505 0.889339
0.927778 -32.9281  0.88964
0.928078 -32.9058  0.88994
0.928378 -32.8834  0.88994
0.928679 -32.8611  0.89024
0.928979 -32.8388 0.890541
0.929279 -32.8165 0.890841
 0.92958 -32.7943 0.891141
 0.92988  -32.772 0.891141
 0.93018 -32.7498 0.891441
 0.93048 -32.7276 0.891742
0.930781 -32.7055 0.892042
0.931081 -32.6833 0.892342
0.931381 -32.6612 0.892342
0.931682 -32.6391 0.892643
0.931982  -32.617 0.892943
0.932282  -32.595 0.893243
0.932583  -32.573 0.893544
0.932883  -32.551 0.893844
0.933183  -32.529 0.893844
0.933483  -32.507 0.894144
0.933784 -32.4851 0.894444
0.934084 -32.4632 0.894745
0.934384 -32.4413 0.895045
0.934685 -32.4194 0.895045
0.934985 -32.3976 0.895345
0.935285 -32.3758 0.895646
0.935586 -32.3539 0.895946
0.935886 -32.3322 0.896246
0.936186 -32.3104 0.896547
0.936486 -32.2887 0.896547
0.936787  -32.267 0.896847
0.937087 -32.2453 0.897147
0.937387 -32.2236 0.897447
0.937688  -32.202 0.897748
0.937988 -32.1803 0.897748
0.938288 -32.1587 0.898048
0.938589 -32.1371 0.898348
0.938889 -32.1156 0.898649
0.939189  -32.094 0.898949
0.939489 -32.0725 0.899249
 0.93979  -32.051 0.899249
 0.94009 -32.0296  0.89955
 0.94039 -32.0081  0.89985
0.940691 -31.9867  0.90015
0.940991 -31.9653  0.90045
0.941291 -31.9439 0.900751
0.941592 -31.9225 0.900751
0.941892 -31.9012 0.901051
0.942192 -31.8798 0.901351
0.942492 -31.8585 0.901652
0.942793 -31.8373 0.901952
0.943093  -31.816 0.901952
0.943393 -31.7948 0.902252
0.943694 -31.7735 0.902553
0.943994 -31.7524 0.902853
0.944294 -31.7312 0.903153
0.944595   -31.71 0.903453
0.944895 -31.6889 0.903453
0.945195 -31.6678 0.903754
0.945495 -31.6467 0.904054
0.945796 -31.6256 0.904354
0.946096 -31.6046 0.904655
0.946396 -31.5836 0.904655
0.946697 -31.5625 0.904955
0.946997 -31.5416 0.905255
0.947297 -31.5206 0.905556
0.947598 -31.4997 0.905856
0.947898 -31.4787 0.906156
0.948198 -31.4578 0.906156
0.948498 -31.4369 0.906456
0.948799 -31.4161 0.906757
0.949099 -31.3952 0.907057
0.949399 -31.3744 0.907357
  0.9497 -31.3536 0.907658
    0.95 -31.3328 0.907658
  0.9503 -31.3121 0.907958
0.950601 -31.2913 0.908258
0.950901 -31.2706 0.908559
0.951201 -31.2499 0.908859
0.951502 -31.2293 0.908859
0.951802 -31.2086 0.909159
0.952102  -31.188 0.909459
0.952402 -31.1673  0.90976
0.952703 -31.1468  0.91006
0.953003 -31.1262  0.91036
0.953303 -31.1056  0.91036
0.953604 -31.0851 0.910661
0.953904 -31.0646 0.910961
0.954204 -31.0441 0.911261
0.954505 -31.0236 0.911562
0.954805 -31.0032 0.911862
0.955105 -30.9827 0.911862
0.955405 -30.9623 0.912162
0.955706 -30.9419 0.912462
0.956006 -30.9215 0.912763
0.956306 -30.9012 0.913063
0.956607 -30.8808 0.913363
0.956907 -30.8605 0.913363
0.957207 -30.8402 0.913664
0.957508 -30.8199 0.913964
0.957808 -30.7996 0.914264
0.958108 -30.7794 0.914565
0.958408 -30.7592 0.914865
0.958709  -30.739 0.914865
0.959009 -30.7188 0.915165
0.959309 -30.6986 0.915465
 0.95961 -30.6784 0.915766
 0.95991 -30.6583 0.916066
 0.96021 -30.6382 0.916366
0.960511 -30.6181 0.916366
0.960811  -30.598 0.916667
0.961111  -30.578 0.916967
0.961411 -30.5579 0.917267
0.961712 -30.5379 0.917568
0.962012 -30.5179 0.917868
0.962312 -30.4979 0.917868
0.962613 -30.4779 0.918168
0.962913  -30.458 0.918468
0.963213 -30.4381 0.918769
0.963514 -30.4182 0.919069
0.963814 -30.3983 0.919369
0.964114 -30.3784  0.91967
0.964414 -30.3585  0.91967
0.964715 -30.3387  0.91997
0.965015 -30.3189  0.92027
0.965315 -30.2991 0.920571
0.965616 -30.2793 0.920871
0.965916 -30.2595 0.921171
0.966216 -30.2398 0.921171
0.966517 -30.2201 0.921471
0.966817 -30.2004 0.921772
0.967117 -30.1807 0.922072
0.967417  -30.161 0.922372
0.967718 -30.1413 0.922673
0.968018 -30.1217 0.922673
0.968318 -30.1021 0.922973
0.968619 -30.0825 0.923273
0.968919 -30.0629 0.923574
0.969219 -30.0433 0.923874
 0.96952 -30.0238 0.924174
 0.96982 -30.0043 0.924174
 0.97012 -29.9847 0.924474
 0.97042 -29.9653 0.924775
0.970721 -29.9458 0.925075
0.971021 -29.9263 0.925375
0.971321 -29.9069 0.925676
0.971622 -29.8875 0.925976
0.971922 -29.8681 0.925976
0.972222 -29.8487 0.926276
0.972523 -29.8293 0.926577
0.972823 -29.8099 0.926877
0.973123 -29.7906 0.927177
0.973423 -29.7713 0.927477
0.973724  -29.752 0.927477
0.974024 -29.7327 0.927778
0.974324 -29.7134 0.928078
0.974625 -29.6942 0.928378
0.974925  -29.675 0.928679
0.975225 -29.6558 0.928979
0.975526 -29.6366 0.928979
0.975826 -29.6174 0.929279
0.976126 -29.5982  0.92958
0.976426 -29.5791  0.92988
0.976727 -29.5599  0.93018
0.977027 -29.5408  0.93048
0.977327 -29.5218  0.93048
0.977628 -29.5027 0.930781
0.977928 -29.4836 0.931081
0.978228 -29.4646 0.931381
0.978529 -29.4456 0.931682
0.978829 -29.4265 0.931982
0.979129 -29.4076 0.932282
0.979429 -29.3886 0.932282
 0.97973 -29.3696 0.932583
 0.98003 -29.3507 0.932883
 0.98033 -29.3318 0.933183
0.980631 -29.3129 0.933483
0.980931  -29.294 0.933784
0.981231 -29.2751 0.933784
0.981532 -29.2563 0.934084
0.981832 -29.2374 0.934384
0.982132 -29.2186 0.934685
0.982432 -29.1998 0.934985
0.982733  -29.181 0.935285
0.983033 -29.1622 0.935285
0.983333 -29.1435 0.935586
0.983634 -29.1248 0.935886
0.983934  -29.106 0.936186
0.984234 -29.0873 0.936486
0.984535 -29.0687 0.936787
0.984835   -29.05 0.937087
0.985135 -29.0313 0.937087
0.985435 -29.0127 0.937387
0.985736 -28.9941 0.937688
0.986036 -28.9755 0.937988
0.986336 -28.9569 0.938288
0.986637 -28.9383 0.938589
0.986937 -28.9198 0.938589
0.987237 -28.9012 0.938889
0.987538 -28.8827 0.939189
0.987838 -28.8642 0.939489
0.988138 -28.8457  0.93979
0.988438 -28.8273  0.94009
0.988739 -28.8088  0.94009
0.989039 -28.7904  0.94039
0.989339 -28.7719 0.940691
 0.98964 -28.7535 0.940991
 0.98994 -28.7351 0.941291
 0.99024 -28.7168 0.941592
0.990541 -28.6984 0.941892
0.990841 -28.6801 0.941892
0.991141 -28.6617 0.942192
0.991441 -28.6434 0.942492
0.991742 -28.6251 0.942793
0.992042 -28.6069 0.943093
0.992342 -28.5886 0.943393
0.992643 -28.5704 0.943393
0.992943 -28.5521 0.943694
0.993243 -28.5339 0.943994
0.993544 -28.5157 0.944294
0.993844 -28.4975 0.944595
0.994144 -28.4794 0.944895
0.994444 -28.4612 0.944895
0.994745 -28.4431 0.945195
0.995045  -28.425 0.945495
0.995345 -28.4069 0.945796
0.995646 -28.3888 0.946096
0.995946 -28.3707 0.946396
0.996246 -28.3527 0.946697
0.996547 -28.3346 0.946697
0.996847 -28.3166 0.946997
0.997147 -28.2986 0.947297
0.997447 -28.2806 0.947598
0.997748 -28.2627 0.947898
0.998048 -28.2447 0.948198
0.998348 -28.2268 0.948198
0.998649 -28.2088 0.948498
0.998949 -28.1909 0.948799
0.999249  -28.173 0.949099
 0.99955 -28.1551 0.949399
 0.99985 -28.1373   0.9497
 1.00015 -28.1194     0.95
 1.00045 -28.1016     0.95
 1.00075 -28.0838   0.9503
 1.00105  -28.066 0.950601
 1.00135 -28.0482 0.950901
 1.00165 -28.0304 0.951201
 1.00195 -28.0126 0.951502
 1.00225 -27.9949 0.951502
 1.00255 -27.9772 0.951802
 1.00285 -27.9595 0.952102
 1.00315 -27.9418 0.952402
 1.00345 -27.9241 0.952703
 1.00375 -27.9064 0.953003
 1.00405 -27.8888 0.953303
 1.00435 -27.8711 0.953303
 1.00465 -27.8535 0.953604
 1.00495 -27.8359 0.953904
 1.00526 -27.8183 0.954204
 1.00556 -27.8008 0.954505
 1.00586 -27.7832 0.954805
 1.00616 -27.7657 0.954805
 1.00646 -27.7481 0.955105
 1.00676 -27.7306 0.955405
 1.00706 -27.7131 0.955706
 1.00736 -27.6956 0.956006
 1.00766 -27.6782 0.956306
 1.00796 -27.6607 0.956607
 1.00826 -27.6433 0.956607
 1.00856 -27.6258 0.956907
 1.00886 -27.6084 0.957207
 1.00916  -27.591 0.957508
 1.00946 -27.5737 0.957808
 1.00976 -27.5563 0.958108
 1.01006  -27.539 0.958108
 1.01036 -27.5216 0.958408
 1.01066 -27.5043 0.958709
 1.01096  -27.487 0.959009
 1.01126 -27.4697 0.959309
 1.01156 -27.4524  0.95961
 1.01186 -27.4352  0.95991
 1.01216 -27.4179  0.95991
 1.01246 -27.4007  0.96021
 1.01276 -27.3835 0.960511
 1.01306 -27.3663 0.960811
 1.01336 -27.3491 0.961111
 1.01366 -27.3319 0.961411
 1.01396 -27.3148 0.961411
 1.01426 -27.2976 0.961712
 1.01456 -27.2805 0.962012
 1.01486 -27.2634 0.962312
 1.01517 -27.2463 0.962613
 1.01547 -27.2292 0.962913
 1.01577 -27.2122 0.963213
 1.01607 -27.1951 0.963213
 1.01637 -27.1781 0.963514
 1.01667  -27.161 0.963814
 1.01697  -27.144 0.964114
 1.01727  -27.127 0.964414
 1.01757   -27.11 0.964715
 1.01787 -27.0931 0.964715
 1.01817 -27.0761 0.965015
 1.01847 -27.0592 0.965315
 1.01877 -27.0423 0.965616
 1.01907 -27.0254 0.965916
 1.01937 -27.0085 0.966216
 1.01967 -26.9916 0.966517
 1.01997 -26.9747 0.966517
 1.02027 -26.9579 0.966817
 1.02057  -26.941 0.967117
 1.02087 -26.9242 0.967417
 1.02117 -26.9074 0.967718
 1.02147 -26.8906 0.968018
 1.02177 -26.8738 0.968018
 1.02207 -26.8571 0.968318
 1.02237 -26.8403 0.968619
 1.02267 -26.8236 0.968919
 1.02297 -26.8068 0.969219
 1.02327 -26.7901  0.96952
 1.02357 -26.7734  0.96982
 1.02387 -26.7567  0.96982
 1.02417 -26.7401  0.97012
 1.02447 -26.7234  0.97042
 1.02477 -26.7068 0.970721
 1.02508 -26.6902 0.971021
 1.02538 -26.6735 0.971321
 1.02568 -26.6569 0.971622
 1.02598 -26.6404 0.971622
 1.02628 -26.6238 0.971922
 1.02658 -26.6072 0.972222
 1.02688 -26.5907 0.972523
 1.02718 -26.5742 0.972823
 1.02748 -26.5576 0.973123
 1.02778 -26.5412 0.973123
 1.02808 -26.5247 0.973423
 1.02838 -26.5082 0.973724
 1.02868 -26.4917 0.974024
 1.02898 -26.4753 0.974324
 1.02928 -26.4589 0.974625
 1.02958 -26.4424 0.974925
 1.02988  -26.426 0.974925
 1.03018 -26.4096 0.975225
 1.03048 -26.3933 0.975526
 1.03078 -26.3769 0.975826
 1.03108 -26.3605 0.976126
 1.03138 -26.3442 0.976426
 1.03168 -26.3279 0.976727
 1.03198 -26.3116 0.976727
 1.03228 -26.2953 0.977027
 1.03258  -26.279 0.977327
 1.03288 -26.2627 0.977628
 1.03318 -26.2465 0.977928
 1.03348 -26.2302 0.978228
 1.03378  -26.214 0.978228
 1.03408 -26.1978 0.978529
 1.03438 -26.1816 0.978829
 1.03468 -26.1654 0.979129
 1.03498 -26.1492 0.979429
 1.03529 -26.1331  0.97973
 1.03559 -26.1169  0.98003
 1.03589 -26.1008  0.98003
 1.03619 -26.0847  0.98033
 1.03649 -26.0686 0.980631
 1.03679 -26.0525 0.980931
 1.03709 -26.0364 0.981231
 1.03739 -26.0203 0.981532
 1.03769 -26.0043 0.981832
 1.03799 -25.9883 0.981832
 1.03829 -25.9722 0.982132
 1.03859 -25.9562 0.982432
 1.03889 -25.9402 0.982733
 1.03919 -25.9242 0.983033
 1.03949 -25.9083 0.983333
 1.03979 -25.8923 0.983333
 1.04009 -25.8764 0.983634
 1.04039 -25.8604 0.983934
 1.04069 -25.8445 0.984234
 1.04099 -25.8286 0.984535
 1.04129 -25.8127 0.984835
 1.04159 -25.7968 0.985135
 1.04189  -25.781 0.985135
 1.04219 -25.7651 0.985435
 1.04249 -25.7493 0.985736
 1.04279 -25.7334 0.986036
 1.04309 -25.7176 0.986336
 1.04339 -25.7018 0.986637
 1.04369  -25.686 0.986637
 1.04399 -25.6703 0.986937
 1.04429 -25.6545 0.987237
 1.04459 -25.6387 0.987538
 1.04489  -25.623 0.987838
  1.0452 -25.6073 0.988138
  1.0455 -25.5916 0.988438
  1.0458 -25.5759 0.988438
  1.0461 -25.5602 0.988739
  1.0464 -25.5445 0.989039
  1.0467 -25.5289 0.989339
   1.047 -25.5132  0.98964
  1.0473 -25.4976  0.98994
  1.0476  -25.482  0.98994
  1.0479 -25.4664  0.99024
  1.0482 -25.4508 0.990541
  1.0485 -25.4352 0.990841
  1.0488 -25.4196 0.991141
  1.0491 -25.4041 0.991441
  1.0494 -25.3885 0.991742
  1.0497  -25.373 0.991742
    1.05 -25.3575 0.992042
  1.0503  -25.342 0.992342
  1.0506 -25.3265 0.992643
  1.0509  -25.311 0.992943
  1.0512 -25.2955 0.993243
  1.0515 -25.2801 0.993243
  1.0518 -25.2646 0.993544
  1.0521 -25.2492 0.993844
  1.0524 -25.2338 0.994144
  1.0527 -25.2184 0.994444
   1.053  -25.203 0.994745
  1.0533 -25.1876 0.995045
  1.0536 -25.1723 0.995045
  1.0539 -25.1569 0.995345
  1.0542 -25.1416 0.995646
  1.0545 -25.1262 0.995946
  1.0548 -25.1109 0.996246
 1.05511 -25.0956 0.996547
 1.05541 -25.0803 0.996847
 1.05571 -25.0651 0.996847
 1.05601 -25.0498 0.997147
 1.05631 -25.0345 0.997447
 1.05661 -25.0193 0.997748
 1.05691 -25.0041 0.998048
 1.05721 -24.9889 0.998348
 1.05751 -24.9737 0.998348
 1.05781 -24.9585 0.998649
 1.05811 -24.9433 0.998949
 1.05841 -24.9281 0.999249
 1.05871  -24.913  0.99955
 1.05901 -24.8978  0.99985
 1.05931 -24.8827  1.00015
 1.05961 -24.8676  1.00015
 1.05991 -24.8525  1.00045
 1.06021 -24.8374  1.00075
 1.06051 -24.8223  1.00105
 1.06081 -24.8072  1.00135
 1.06111 -24.7922  1.00165
 1.06141 -24.7772  1.00195
 1.06171 -24.7621  1.00195
 1.06201 -24.7471  1.00225
 1.06231 -24.7321  1.00255
 1.06261 -24.7171  1.00285
 1.06291 -24.7021  1.00315
 1.06321 -24.6872  1.00345
 1.06351 -24.6722  1.00345
 1.06381 -24.6573  1.00375
 1.06411 -24.6423  1.00405
 1.06441 -24.6274  1.00435
 1.06471 -24.6125  1.00465
 1.06502 -24.5976  1.00495
 1.06532 -24.5827  1.00526
 1.06562 -24.5678  1.00526
 1.06592  -24.553  1.00556
 1.06622 -24.5381  1.00586
 1.06652 -24.5233  1.00616
 1.06682 -24.5085  1.00646
 1.06712 -24.4937  1.00676
 1.06742 -24.4789  1.00706
 1.06772 -24.4641  1.00706
 1.06802 -24.4493  1.00736
 1.06832 -24.4345  1.00766
 1.06862 -24.4198  1.00796
 1.06892  -24.405  1.00826
 1.06922 -24.3903  1.00856
 1.06952 -24.3756  1.00856
 1.06982 -24.3609  1.00886
 1.07012 -24.3462  1.00916
 1.07042 -24.3315  1.00946
 1.07072 -24.3169  1.00976
 1.07102 -24.3022  1.01006
 1.07132 -24.2876  1.01036
 1.07162 -24.2729  1.01036
 1.07192 -24.2583  1.01066
 1.07222 -24.2437  1.01096
 1.07252 -24.2291  1.01126
 1.07282 -24.2145  1.01156
 1.07312 -24.1999  1.01186
 1.07342 -24.1854  1.01186
 1.07372 -24.1708  1.01216
 1.07402 -24.1563  1.01246
 1.07432 -24.1417  1.01276
 1.07462 -24.1272  1.01306
 1.07492 -24.1127  1.01336
 1.07523 -24.0982  1.01366
 1.07553 -24.0838  1.01366
 1.07583 -24.0693  1.01396
 1.07613 -24.0548  1.01426
 1.07643 -24.0404  1.01456
 1.07673 -24.0259  1.01486
 1.07703 -24.0115  1.01517
 1.07733 -23.9971  1.01547
 1.07763 -23.9827  1.01547
 1.07793 -23.9683  1.01577
 1.07823  -23.954  1.01607
 1.07853 -23.9396  1.01637
 1.07883 -23.9252  1.01667
 1.07913 -23.9109  1.01697
 1.07943 -23.8966  1.01697
 1.07973 -23.8822  1.01727
 1.08003 -23.8679  1.01757
 1.08033 -23.8536  1.01787
 1.08063 -23.8394  1.01817
 1.08093 -23.8251  1.01847
 1.08123 -23.8108  1.01877
 1.08153 -23.7966  1.01877
 1.08183 -23.7823  1.01907
 1.08213 -23.7681  1.01937
 1.08243 -23.7539  1.01967
 1.08273 -23.7397  1.01997
 1.08303 -23.7255  1.02027
 1.08333 -23.7113  1.02057
 1.08363 -23.6971  1.02057
 1.08393  -23.683  1.02087
 1.08423 -23.6688  1.02117
 1.08453 -23.6547  1.02147
 1.08483 -23.6406  1.02177
 1.08514 -23.6265  1.02207
 1.08544 -23.6124  1.02207
 1.08574 -23.5983  1.02237
 1.08604 -23.5842  1.02267
 1.08634 -23.5701  1.02297
 1.08664 -23.5561  1.02327
 1.08694  -23.542  1.02357
 1.08724  -23.528  1.02387
 1.08754  -23.514  1.02387
 1.08784 -23.4999  1.02417
 1.08814 -23.4859  1.02447
 1.08844 -23.4719  1.02477
 1.08874  -23.458  1.02508
 1.08904  -23.444  1.02538
 1.08934   -23.43  1.02538
 1.08964 -23.4161  1.02568
 1.08994 -23.4022  1.02598
 1.09024 -23.3882  1.02628
 1.09054 -23.3743  1.02658
 1.09084 -23.3604  1.02688
 1.09114 -23.3465  1.02718
 1.09144 -23.3327  1.02718
 1.09174 -23.3188  1.02748
 1.09204 -23.3049  1.02778
 1.09234 -23.2911  1.02808
 1.09264 -23.2772  1.02838
 1.09294 -23.2634  1.02868
 1.09324 -23.2496  1.02898
 1.09354 -23.2358  1.02898
 1.09384  -23.222  1.02928
 1.09414 -23.2082  1.02958
 1.09444 -23.1945  1.02988
 1.09474 -23.1807  1.03018
 1.09505  -23.167  1.03048
 1.09535 -23.1532  1.03048
 1.09565 -23.1395  1.03078
 1.09595 -23.1258  1.03108
 1.09625 -23.1121  1.03138
 1.09655 -23.0984  1.03168
 1.09685 -23.0847  1.03198
 1.09715  -23.071  1.03228
 1.09745 -23.0574  1.03228
 1.09775 -23.0437  1.03258
 1.09805 -23.0301  1.03288
 1.09835 -23.0164  1.03318
 1.09865 -23.0028  1.03348
 1.09895 -22.9892  1.03378
 1.09925 -22.9756  1.03408
 1.09955  -22.962  1.03408
 1.09985 -22.9485  1.03438
 1.10015 -22.9349  1.03468
 1.10045 -22.9213  1.03498
 1.10075 -22.9078  1.03529
 1.10105 -22.8943  1.03559
 1.10135 -22.8807  1.03559
 1.10165 -22.8672  1.03589
 1.10195 -22.8537  1.03619
 1.10225 -22.8402  1.03649
 1.10255 -22.8268  1.03679
 1.10285 -22.8133  1.03709
 1.10315 -22.7998  1.03739
 1.10345 -22.7864  1.03739
 1.10375  -22.773  1.03769
 1.10405 -22.7595  1.03799
 1.10435 -22.7461  1.03829
 1.10465 -22.7327  1.03859
 1.10495 -22.7193  1.03889
 1.10526 -22.7059  1.03889
 1.10556 -22.6926  1.03919
 1.10586 -22.6792  1.03949
 1.10616 -22.6658  1.03979
 1.10646 -22.6525  1.04009
 1.10676 -22.6392  1.04039
 1.10706 -22.6259  1.04069
 1.10736 -22.6125  1.04069
 1.10766 -22.5992  1.04099
 1.10796 -22.5859  1.04129
 1.10826 -22.5727  1.04159
 1.10856 -22.5594  1.04189
 1.10886 -22.5461  1.04219
 1.10916 -22.5329  1.04219
 1.10946 -22.5197  1.04249
 1.10976 -22.5064  1.04279
 1.11006 -22.4932  1.04309
 1.11036   -22.48  1.04339
 1.11066 -22.4668  1.04369
 1.11096 -22.4536  1.04399
 1.11126 -22.4405  1.04399
 1.11156 -22.4273  1.04429
 1.11186 -22.4141  1.04459
 1.11216  -22.401  1.04489
 1.11246 -22.3878   1.0452
 1.11276 -22.3747   1.0455
 1.11306 -22.3616   1.0458
 1.11336 -22.3485   1.0458
 1.11366 -22.3354   1.0461
 1.11396 -22.3223   1.0464
 1.11426 -22.3093   1.0467
 1.11456 -22.2962    1.047
 1.11486 -22.2831   1.0473
 1.11517 -22.2701   1.0473
 1.11547 -22.2571   1.0476
 1.11577 -22.2441   1.0479
 1.11607  -22.231   1.0482
 1.11637  -22.218   1.0485
 1.11667  -22.205   1.0488
 1.11697 -22.1921   1.0491
 1.11727 -22.1791   1.0491
 1.11757 -22.1661   1.0494
 1.11787 -22.1532   1.0497
 1.11817 -22.1402     1.05
 1.11847 -22.1273   1.0503
 1.11877 -22.1144   1.0506
 1.11907 -22.1015   1.0509
 1.11937 -22.0886   1.0509
 1.11967 -22.0757   1.0512
 1.11997 -22.0628   1.0515
 1.12027 -22.0499   1.0518
 1.12057 -22.0371   1.0521
 1.12087 -22.0242   1.0524
 1.12117 -22.0114   1.0524
 1.12147 -21.9986   1.0527
 1.12177 -21.9857    1.053
 1.12207 -21.9729   1.0533
 1.12237 -21.9601   1.0536
 1.12267 -21.9473   1.0539
 1.12297 -21.9346   1.0542
 1.12327 -21.9218   1.0542
 1.12357  -21.909   1.0545
 1.12387 -21.8963   1.0548
 1.12417 -21.8835  1.05511
 1.12447 -21.8708  1.05541
 1.12477 -21.8581  1.05571
 1.12508 -21.8454  1.05571
 1.12538 -21.8327  1.05601
 1.12568   -21.82  1.05631
 1.12598 -21.8073  1.05661
 1.12628 -21.7946  1.05691
 1.12658  -21.782  1.05721
 1.12688 -21.7693  1.05751
 1.12718 -21.7567  1.05751
 1.12748  -21.744  1.05781
 1.12778 -21.7314  1.05811
 1.12808 -21.7188  1.05841
 1.12838 -21.7062  1.05871
 1.12868 -21.6936  1.05901
 1.12898  -21.681  1.05931
 1.12928 -21.6684  1.05931
 1.12958 -21.6559  1.05961
 1.12988 -21.6433  1.05991
 1.13018 -21.6308  1.06021
 1.13048 -21.6182  1.06051
 1.13078 -21.6057  1.06081
 1.13108 -21.5932  1.06081
 1.13138 -21.5807  1.06111
 1.13168 -21.5682  1.06141
 1.13198 -21.5557  1.06171
 1.13228 -21.5432  1.06201
 1.13258 -21.5308  1.06231
 1.13288 -21.5183  1.06261
 1.13318 -21.5059  1.06261
 1.13348 -21.4934  1.06291
 1.13378  -21.481  1.06321
 1.13408 -21.4686  1.06351
 1.13438 -21.4562  1.06381
 1.13468 -21.4438  1.06411
 1.13498 -21.4314  1.06411
 1.13529  -21.419  1.06441
 1.13559 -21.4066  1.06471
 1.13589 -21.3942  1.06502
 1.13619 -21.3819  1.06532
 1.13649 -21.3695  1.06562
 1.13679 -21.3572  1.06592
 1.13709 -21.3449  1.06592
 1.13739 -21.3326  1.06622
 1.13769 -21.3203  1.06652
 1.13799  -21.308  1.06682
 1.13829 -21.2957  1.06712
 1.13859 -21.2834  1.06742
 1.13889 -21.2711  1.06742
 1.13919 -21.2589  1.06772
 1.13949 -21.2466  1.06802
 1.13979 -21.2344  1.06832
 1.14009 -21.2222  1.06862
 1.14039 -21.2099  1.06892
 1.14069 -21.1977  1.06922
 1.14099 -21.1855  1.06922
 1.14129 -21.1733  1.06952
 1.14159 -21.1612  1.06982
 1.14189  -21.149  1.07012
 1.14219 -21.1368  1.07042
 1.14249 -21.1247  1.07072
 1.14279 -21.1125  1.07102
 1.14309 -21.1004  1.07102
 1.14339 -21.0882  1.07132
 1.14369 -21.0761  1.07162
 1.14399  -21.064  1.07192
 1.14429 -21.0519  1.07222
 1.14459 -21.0398  1.07252
 1.14489 -21.0278  1.07252
  1.1452 -21.0157  1.07282
  1.1455 -21.0036  1.07312
  1.1458 -20.9916  1.07342
  1.1461 -20.9795  1.07372
  1.1464 -20.9675  1.07402
  1.1467 -20.9555  1.07432
   1.147 -20.9434  1.07432
  1.1473 -20.9314  1.07462
  1.1476 -20.9194  1.07492
  1.1479 -20.9074  1.07523
  1.1482 -20.8955  1.07553
  1.1485 -20.8835  1.07583
  1.1488 -20.8715  1.07583
  1.1491 -20.8596  1.07613
  1.1494 -20.8476  1.07643
  1.1497 -20.8357  1.07673
    1.15 -20.8238  1.07703