 kgrid  ValNew  Policy 
    0.85 -24.9473     0.85
  0.8503 -24.9074     0.85
0.850601 -24.8677     0.85
0.850901 -24.8281     0.85
0.851201 -24.7887     0.85
0.851502 -24.7495     0.85
0.851802 -24.7105     0.85
0.852102 -24.6716     0.85
0.852402 -24.6329     0.85
0.852703 -24.5944     0.85
0.853003  -24.556     0.85
0.853303 -24.5178     0.85
0.853604 -24.4797     0.85
0.853904 -24.4419     0.85
0.854204 -24.4042     0.85
0.854505 -24.3666     0.85
0.854805 -24.3292     0.85
0.855105  -24.292     0.85
0.855405 -24.2549     0.85
0.855706  -24.218     0.85
0.856006 -24.1813     0.85
0.856306 -24.1447     0.85
0.856607 -24.1083     0.85
0.856907  -24.072     0.85
0.857207 -24.0359     0.85
0.857508 -23.9999     0.85
0.857808 -23.9641     0.85
0.858108 -23.9284     0.85
0.858408 -23.8929     0.85
0.858709 -23.8576     0.85
0.859009 -23.8224     0.85
0.859309 -23.7873     0.85
 0.85961 -23.7524     0.85
 0.85991 -23.7177     0.85
 0.86021  -23.683     0.85
0.860511 -23.6486     0.85
0.860811 -23.6143     0.85
0.861111 -23.5801     0.85
0.861411 -23.5461     0.85
0.861712 -23.5122     0.85
0.862012 -23.4784     0.85
0.862312 -23.4448     0.85
0.862613 -23.4114     0.85
0.862913 -23.3781     0.85
0.863213 -23.3449     0.85
0.863514 -23.3119     0.85
0.863814  -23.279     0.85
0.864114 -23.2462     0.85
0.864414 -23.2136     0.85
0.864715 -23.1811     0.85
0.865015 -23.1487     0.85
0.865315 -23.1165     0.85
0.865616 -23.0844     0.85
0.865916 -23.0525     0.85
0.866216 -23.0207     0.85
0.866517  -22.989     0.85
0.866817 -22.9575     0.85
0.867117  -22.926     0.85
0.867417 -22.8947     0.85
0.867718 -22.8636     0.85
0.868018 -22.8326     0.85
0.868318 -22.8017     0.85
0.868619 -22.7709     0.85
0.868919 -22.7403     0.85
0.869219 -22.7097     0.85
 0.86952 -22.6793     0.85
 0.86982 -22.6491     0.85
 0.87012 -22.6189     0.85
 0.87042 -22.5889     0.85
0.870721  -22.559     0.85
0.871021 -22.5293     0.85
0.871321 -22.4996     0.85
0.871622 -22.4701     0.85
0.871922 -22.4407     0.85
0.872222 -22.4114     0.85
0.872523 -22.3822     0.85
0.872823 -22.3532     0.85
0.873123 -22.3243     0.85
0.873423 -22.2955     0.85
0.873724 -22.2668     0.85
0.874024 -22.2382     0.85
0.874324 -22.2097     0.85
0.874625 -22.1814     0.85
0.874925 -22.1532     0.85
0.875225 -22.1251     0.85
0.875526 -22.0971     0.85
0.875826 -22.0692     0.85
0.876126 -22.0414     0.85
0.876426 -22.0138     0.85
0.876727 -21.9862     0.85
0.877027 -21.9588     0.85
0.877327 -21.9315     0.85
0.877628 -21.9042   0.8503
0.877928  -21.877   0.8503
0.878228 -21.8498 0.850601
0.878529 -21.8227 0.850901
0.878829 -21.7956 0.850901
0.879129 -21.7686 0.851201
0.879429 -21.7417 0.851201
 0.87973 -21.7147 0.851502
 0.88003 -21.6879 0.851802
 0.88033 -21.6611 0.851802
0.880631 -21.6343 0.852102
0.880931 -21.6076 0.852102
0.881231  -21.581 0.852402
0.881532 -21.5544 0.852703
0.881832 -21.5278 0.852703
0.882132 -21.5013 0.853003
0.882432 -21.4749 0.853003
0.882733 -21.4484 0.853303
0.883033 -21.4221 0.853303
0.883333 -21.3958 0.853604
0.883634 -21.3696 0.853904
0.883934 -21.3434 0.853904
0.884234 -21.3172 0.854204
0.884535 -21.2911 0.854204
0.884835  -21.265 0.854505
0.885135 -21.2391 0.854805
0.885435 -21.2131 0.854805
0.885736 -21.1872 0.855105
0.886036 -21.1613 0.855105
0.886336 -21.1355 0.855405
0.886637 -21.1098 0.855706
0.886937 -21.0841 0.855706
0.887237 -21.0584 0.856006
0.887538 -21.0328 0.856006
0.887838 -21.0072 0.856306
0.888138 -20.9817 0.856306
0.888438 -20.9563 0.856607
0.888739 -20.9308 0.856907
0.889039 -20.9055 0.856907
0.889339 -20.8801 0.857207
 0.88964 -20.8549 0.857207
 0.88994 -20.8296 0.857508
 0.89024 -20.8045 0.857808
0.890541 -20.7793 0.857808
0.890841 -20.7543 0.858108
0.891141 -20.7292 0.858108
0.891441 -20.7042 0.858408
0.891742 -20.6793 0.858709
0.892042 -20.6544 0.858709
0.892342 -20.6295 0.859009
0.892643 -20.6047 0.859009
0.892943   -20.58 0.859309
0.893243 -20.5553 0.859309
0.893544 -20.5306  0.85961
0.893844  -20.506  0.85991
0.894144 -20.4814  0.85991
0.894444 -20.4569  0.86021
0.894745 -20.4324  0.86021
0.895045  -20.408 0.860511
0.895345 -20.3836 0.860811
0.895646 -20.3592 0.860811
0.895946 -20.3349 0.861111
0.896246 -20.3107 0.861111
0.896547 -20.2865 0.861411
0.896847 -20.2623 0.861712
0.897147 -20.2382 0.861712
0.897447 -20.2141 0.862012
0.897748 -20.1901 0.862012
0.898048 -20.1661 0.862312
0.898348 -20.1422 0.862613
0.898649 -20.1182 0.862613
0.898949 -20.0944 0.862913
0.899249 -20.0706 0.862913
 0.89955 -20.0468 0.863213
 0.89985 -20.0231 0.863514
 0.90015 -19.9994 0.863514
 0.90045 -19.9757 0.863814
0.900751 -19.9521 0.863814
0.901051 -19.9285 0.864114
0.901351  -19.905 0.864414
0.901652 -19.8815 0.864414
0.901952 -19.8581 0.864715
0.902252 -19.8347 0.865015
0.902553 -19.8113 0.865015
0.902853  -19.788 0.865315
0.903153 -19.7647 0.865616
0.903453 -19.7414 0.865616
0.903754 -19.7182 0.865916
0.904054  -19.695 0.865916
0.904354 -19.6719 0.866216
0.904655 -19.6488 0.866517
0.904955 -19.6258 0.866517
0.905255 -19.6027 0.866817
0.905556 -19.5798 0.867117
0.905856 -19.5568 0.867117
0.906156 -19.5339 0.867417
0.906456 -19.5111 0.867417
0.906757 -19.4883 0.867718
0.907057 -19.4655 0.868018
0.907357 -19.4427 0.868018
0.907658   -19.42 0.868318
0.907958 -19.3974 0.868619
0.908258 -19.3747 0.868619
0.908559 -19.3521 0.868919
0.908859 -19.3296 0.868919
0.909159 -19.3071 0.869219
0.909459 -19.2846  0.86952
 0.90976 -19.2622  0.86952
 0.91006 -19.2398  0.86982
 0.91036 -19.2174  0.87012
0.910661 -19.1951  0.87012
0.910961 -19.1728  0.87042
0.911261 -19.1506 0.870721
0.911562 -19.1283 0.870721
0.911862 -19.1062 0.871021
0.912162  -19.084 0.871021
0.912462 -19.0619 0.871321
0.912763 -19.0399 0.871622
0.913063 -19.0178 0.871622
0.913363 -18.9958 0.871922
0.913664 -18.9739 0.872222
0.913964  -18.952 0.872222
0.914264 -18.9301 0.872523
0.914565 -18.9083 0.872823
0.914865 -18.8864 0.872823
0.915165 -18.8647 0.873123
0.915465 -18.8429 0.873123
0.915766 -18.8212 0.873423
0.916066 -18.7996 0.873724
0.916366  -18.778 0.873724
0.916667 -18.7564 0.874024
0.916967 -18.7348 0.874324
0.917267 -18.7133 0.874324
0.917568 -18.6918 0.874625
0.917868 -18.6704 0.874625
0.918168  -18.649 0.874925
0.918468 -18.6276 0.875225
0.918769 -18.6062 0.875225
0.919069 -18.5849 0.875526
0.919369 -18.5637 0.875826
 0.91967 -18.5424 0.875826
 0.91997 -18.5212 0.876126
 0.92027 -18.5001 0.876426
0.920571  -18.479 0.876426
0.920871 -18.4579 0.876727
0.921171 -18.4368 0.876727
0.921471 -18.4158 0.877027
0.921772 -18.3948 0.877327
0.922072 -18.3738 0.877327
0.922372 -18.3529 0.877628
0.922673  -18.332 0.877928
0.922973 -18.3112 0.877928
0.923273 -18.2904 0.878228
0.923574 -18.2696 0.878228
0.923874 -18.2488 0.878529
0.924174 -18.2281 0.878829
0.924474 -18.2075 0.878829
0.924775 -18.1868 0.879129
0.925075 -18.1662 0.879429
0.925375 -18.1456 0.879429
0.925676 -18.1251  0.87973
0.925976 -18.1046  0.88003
0.926276 -18.0841  0.88003
0.926577 -18.0636  0.88033
0.926877 -18.0432  0.88033
0.927177 -18.0229 0.880631
0.927477 -18.0025 0.880931
0.927778 -17.9822 0.880931
0.928078 -17.9619 0.881231
0.928378 -17.9417 0.881532
0.928679 -17.9215 0.881532
0.928979 -17.9013 0.881832
0.929279 -17.8812 0.882132
 0.92958  -17.861 0.882132
 0.92988  -17.841 0.882432
 0.93018 -17.8209 0.882733
 0.93048 -17.8009 0.882733
0.930781 -17.7809 0.883033
0.931081 -17.7609 0.883333
0.931381  -17.741 0.883333
0.931682  -17.721 0.883634
0.931982 -17.7012 0.883934
0.932282 -17.6813 0.883934
0.932583 -17.6615 0.884234
0.932883 -17.6417 0.884535
0.933183 -17.6219 0.884835
0.933483 -17.6022 0.884835
0.933784 -17.5825 0.885135
0.934084 -17.5628 0.885435
0.934384 -17.5431 0.885435
0.934685 -17.5235 0.885736
0.934985 -17.5039 0.886036
0.935285 -17.4843 0.886036
0.935586 -17.4648 0.886336
0.935886 -17.4453 0.886637
0.936186 -17.4258 0.886637
0.936486 -17.4063 0.886937
0.936787 -17.3869 0.887237
0.937087 -17.3675 0.887237
0.937387 -17.3481 0.887538
0.937688 -17.3288 0.887838
0.937988 -17.3095 0.888138
0.938288 -17.2902 0.888138
0.938589 -17.2709 0.888438
0.938889 -17.2517 0.888739
0.939189 -17.2325 0.888739
0.939489 -17.2133 0.889039
 0.93979 -17.1941 0.889339
 0.94009  -17.175 0.889339
 0.94039 -17.1559  0.88964
0.940691 -17.1368  0.88994
0.940991 -17.1178  0.88994
0.941291 -17.0988  0.89024
0.941592 -17.0798 0.890541
0.941892 -17.0608 0.890541
0.942192 -17.0419 0.890841
0.942492  -17.023 0.891141
0.942793 -17.0041 0.891141
0.943093 -16.9852 0.891441
0.943393 -16.9664 0.891742
0.943694 -16.9476 0.892042
0.943994 -16.9288 0.892042
0.944294 -16.9101 0.892342
0.944595 -16.8914 0.892643
0.944895 -16.8727 0.892643
0.945195  -16.854 0.892943
0.945495 -16.8353 0.893243
0.945796 -16.8167 0.893243
0.946096 -16.7981 0.893544
0.946396 -16.7796 0.893844
0.946697  -16.761 0.893844
0.946997 -16.7425 0.894144
0.947297  -16.724 0.894444
0.947598 -16.7056 0.894745
0.947898 -16.6872 0.894745
0.948198 -16.6688 0.895045
0.948498 -16.6504 0.895345
0.948799  -16.632 0.895345
0.949099 -16.6137 0.895646
0.949399 -16.5954 0.895946
  0.9497 -16.5771 0.895946
    0.95 -16.5589 0.896246
  0.9503 -16.5406 0.896547
0.950601 -16.5225 0.896547
0.950901 -16.5043 0.896847
0.951201 -16.4861 0.897147
0.951502  -16.468 0.897147
0.951802 -16.4499 0.897447
0.952102 -16.4318 0.897748
0.952402 -16.4138 0.897748
0.952703 -16.3958 0.898048
0.953003 -16.3778 0.898348
0.953303 -16.3598 0.898649
0.953604 -16.3419 0.898649
0.953904  -16.324 0.898949
0.954204 -16.3061 0.899249
0.954505 -16.2882 0.899249
0.954805 -16.2704  0.89955
0.955105 -16.2526  0.89985
0.955405 -16.2348  0.89985
0.955706  -16.217  0.90015
0.956006 -16.1993  0.90045
0.956306 -16.1815  0.90045
0.956607 -16.1638 0.900751
0.956907 -16.1462 0.901051
0.957207 -16.1285 0.901051
0.957508 -16.1109 0.901351
0.957808 -16.0933 0.901652
0.958108 -16.0758 0.901952
0.958408 -16.0582 0.901952
0.958709 -16.0407 0.902252
0.959009 -16.0232 0.902553
0.959309 -16.0057 0.902553
 0.95961 -15.9883 0.902853
 0.95991 -15.9709 0.903153
 0.96021 -15.9535 0.903153
0.960511 -15.9361 0.903453
0.960811 -15.9188 0.903754
0.961111 -15.9014 0.903754
0.961411 -15.8841 0.904054
0.961712 -15.8669 0.904354
0.962012 -15.8496 0.904655
0.962312 -15.8324 0.904655
0.962613 -15.8152 0.904955
0.962913  -15.798 0.905255
0.963213 -15.7808 0.905255
0.963514 -15.7637 0.905556
0.963814 -15.7466 0.905856
0.964114 -15.7295 0.905856
0.964414 -15.7125 0.906156
0.964715 -15.6954 0.906456
0.965015 -15.6784 0.906456
0.965315 -15.6614 0.906757
0.965616 -15.6445 0.907057
0.965916 -15.6275 0.907057
0.966216 -15.6106 0.907357
0.966517 -15.5937 0.907658
0.966817 -15.5769 0.907958
0.967117   -15.56 0.907958
0.967417 -15.5432 0.908258
0.967718 -15.5264 0.908559
0.968018 -15.5096 0.908559
0.968318 -15.4928 0.908859
0.968619 -15.4761 0.909159
0.968919 -15.4594 0.909159
0.969219 -15.4427 0.909459
 0.96952 -15.4261  0.90976
 0.96982 -15.4094  0.90976
 0.97012 -15.3928  0.91006
 0.97042 -15.3762  0.91036
0.970721 -15.3597  0.91036
0.971021 -15.3431 0.910661
0.971321 -15.3266 0.910961
0.971622 -15.3101 0.910961
0.971922 -15.2936 0.911261
0.972222 -15.2772 0.911562
0.972523 -15.2607 0.911862
0.972823 -15.2443 0.911862
0.973123 -15.2279 0.912162
0.973423 -15.2116 0.912462
0.973724 -15.1952 0.912462
0.974024 -15.1789 0.912763
0.974324 -15.1626 0.913063
0.974625 -15.1463 0.913063
0.974925 -15.1301 0.913363
0.975225 -15.1139 0.913664
0.975526 -15.0977 0.913664
0.975826 -15.0815 0.913964
0.976126 -15.0653 0.914264
0.976426 -15.0492 0.914565
0.976727 -15.0331 0.914565
0.977027  -15.017 0.914865
0.977327 -15.0009 0.915165
0.977628 -14.9848 0.915165
0.977928 -14.9688 0.915465
0.978228 -14.9528 0.915766
0.978529 -14.9368 0.915766
0.978829 -14.9209 0.916066
0.979129 -14.9049 0.916366
0.979429  -14.889 0.916366
 0.97973 -14.8731 0.916667
 0.98003 -14.8572 0.916967
 0.98033 -14.8414 0.916967
0.980631 -14.8255 0.917267
0.980931 -14.8097 0.917568
0.981231 -14.7939 0.917568
0.981532 -14.7782 0.917868
0.981832 -14.7624 0.918168
0.982132 -14.7467 0.918468
0.982432  -14.731 0.918468
0.982733 -14.7153 0.918769
0.983033 -14.6997 0.919069
0.983333  -14.684 0.919069
0.983634 -14.6684 0.919369
0.983934 -14.6528  0.91967
0.984234 -14.6372  0.91967
0.984535 -14.6217  0.91997
0.984835 -14.6062  0.92027
0.985135 -14.5907  0.92027
0.985435 -14.5752 0.920571
0.985736 -14.5597 0.920871
0.986036 -14.5442 0.920871
0.986336 -14.5288 0.921171
0.986637 -14.5134 0.921471
0.986937  -14.498 0.921471
0.987237 -14.4827 0.921772
0.987538 -14.4673 0.922072
0.987838  -14.452 0.922072
0.988138 -14.4367 0.922372
0.988438 -14.4214 0.922673
0.988739 -14.4062 0.922973
0.989039 -14.3909 0.922973
0.989339 -14.3757 0.923273
 0.98964 -14.3605 0.923574
 0.98994 -14.3453 0.923574
 0.99024 -14.3302 0.923874
0.990541 -14.3151 0.924174
0.990841 -14.2999 0.924174
0.991141 -14.2848 0.924474
0.991441 -14.2698 0.924775
0.991742 -14.2547 0.925075
0.992042 -14.2397 0.925075
0.992342 -14.2247 0.925375
0.992643 -14.2097 0.925676
0.992943 -14.1947 0.925676
0.993243 -14.1798 0.925976
0.993544 -14.1648 0.926276
0.993844 -14.1499 0.926276
0.994144  -14.135 0.926577
0.994444 -14.1202 0.926877
0.994745 -14.1053 0.926877
0.995045 -14.0905 0.927177
0.995345 -14.0757 0.927477
0.995646 -14.0609 0.927778
0.995946 -14.0461 0.927778
0.996246 -14.0314 0.928078
0.996547 -14.0166 0.928378
0.996847 -14.0019 0.928378
0.997147 -13.9872 0.928679
0.997447 -13.9726 0.928979
0.997748 -13.9579 0.928979
0.998048 -13.9433 0.929279
0.998348 -13.9287  0.92958
0.998649 -13.9141  0.92958
0.998949 -13.8995  0.92988
0.999249 -13.8849  0.93018
 0.99955 -13.8704  0.93018
 0.99985 -13.8559  0.93048
 1.00015 -13.8414 0.930781
 1.00045 -13.8269 0.930781
 1.00075 -13.8125 0.931081
 1.00105  -13.798 0.931381
 1.00135 -13.7836 0.931381
 1.00165 -13.7692 0.931682
 1.00195 -13.7548 0.931982
 1.00225 -13.7405 0.932282
 1.00255 -13.7261 0.932282
 1.00285 -13.7118 0.932583
 1.00315 -13.6975 0.932883
 1.00345 -13.6832 0.932883
 1.00375  -13.669 0.933183
 1.00405 -13.6547 0.933483
 1.00435 -13.6405 0.933483
 1.00465 -13.6263 0.933784
 1.00495 -13.6121 0.934084
 1.00526 -13.5979 0.934084
 1.00556 -13.5838 0.934384
 1.00586 -13.5697 0.934685
 1.00616 -13.5556 0.934685
 1.00646 -13.5415 0.934985
 1.00676 -13.5274 0.935285
 1.00706 -13.5133 0.935285
 1.00736 -13.4993 0.935586
 1.00766 -13.4853 0.935886
 1.00796 -13.4713 0.935886
 1.00826 -13.4573 0.936186
 1.00856 -13.4433 0.936486
 1.00886 -13.4294 0.936787
 1.00916 -13.4155 0.936787
 1.00946 -13.4016 0.937087
 1.00976 -13.3877 0.937387
 1.01006 -13.3738 0.937387
 1.01036   -13.36 0.937688
 1.01066 -13.3461 0.937988
 1.01096 -13.3323 0.937988
 1.01126 -13.3185 0.938288
 1.01156 -13.3047 0.938589
 1.01186  -13.291 0.938589
 1.01216 -13.2772 0.938889
 1.01246 -13.2635 0.939189
 1.01276 -13.2498 0.939489
 1.01306 -13.2361 0.939489
 1.01336 -13.2225  0.93979
 1.01366 -13.2088  0.94009
 1.01396 -13.1952  0.94009
 1.01426 -13.1816  0.94039
 1.01456  -13.168 0.940691
 1.01486 -13.1544 0.940691
 1.01517 -13.1408 0.940991
 1.01547 -13.1273 0.941291
 1.01577 -13.1138 0.941291
 1.01607 -13.1003 0.941592
 1.01637 -13.0868 0.941892
 1.01667 -13.0733 0.942192
 1.01697 -13.0599 0.942192
 1.01727 -13.0464 0.942492
 1.01757  -13.033 0.942793
 1.01787 -13.0196 0.942793
 1.01817 -13.0062 0.943093
 1.01847 -12.9929 0.943393
 1.01877 -12.9795 0.943393
 1.01907 -12.9662 0.943694
 1.01937 -12.9529 0.943994
 1.01967 -12.9396 0.943994
 1.01997 -12.9263 0.944294
 1.02027 -12.9131 0.944595
 1.02057 -12.8998 0.944595
 1.02087 -12.8866 0.944895
 1.02117 -12.8734 0.945195
 1.02147 -12.8602 0.945195
 1.02177  -12.847 0.945495
 1.02207 -12.8339 0.945796
 1.02237 -12.8207 0.945796
 1.02267 -12.8076 0.946096
 1.02297 -12.7945 0.946396
 1.02327 -12.7814 0.946697
 1.02357 -12.7684 0.946697
 1.02387 -12.7553 0.946997
 1.02417 -12.7423 0.947297
 1.02447 -12.7293 0.947297
 1.02477 -12.7163 0.947598
 1.02508 -12.7033 0.947898
 1.02538 -12.6903 0.947898
 1.02568 -12.6774 0.948198
 1.02598 -12.6644 0.948498
 1.02628 -12.6515 0.948498
 1.02658 -12.6386 0.948799
 1.02688 -12.6258 0.949099
 1.02718 -12.6129 0.949099
 1.02748    -12.6 0.949399
 1.02778 -12.5872   0.9497
 1.02808 -12.5744   0.9497
 1.02838 -12.5616     0.95
 1.02868 -12.5488   0.9503
 1.02898 -12.5361 0.950601
 1.02928 -12.5233 0.950601
 1.02958 -12.5106 0.950901
 1.02988 -12.4979 0.951201
 1.03018 -12.4852 0.951201
 1.03048 -12.4725 0.951502
 1.03078 -12.4598 0.951802
 1.03108 -12.4472 0.951802
 1.03138 -12.4346 0.952102
 1.03168 -12.4219 0.952402
 1.03198 -12.4093 0.952402
 1.03228 -12.3968 0.952703
 1.03258 -12.3842 0.953003
 1.03288 -12.3717 0.953003
 1.03318 -12.3591 0.953303
 1.03348 -12.3466 0.953604
 1.03378 -12.3341 0.953904
 1.03408 -12.3216 0.953904
 1.03438 -12.3091 0.954204
 1.03468 -12.2967 0.954505
 1.03498 -12.2843 0.954505
 1.03529 -12.2718 0.954805
 1.03559 -12.2594 0.955105
 1.03589 -12.2471 0.955105
 1.03619 -12.2347 0.955405
 1.03649 -12.2223 0.955706
 1.03679   -12.21 0.955706
 1.03709 -12.1977 0.956006
 1.03739 -12.1854 0.956306
 1.03769 -12.1731 0.956306
 1.03799 -12.1608 0.956607
 1.03829 -12.1485 0.956907
 1.03859 -12.1363 0.956907
 1.03889 -12.1241 0.957207
 1.03919 -12.1119 0.957508
 1.03949 -12.0997 0.957808
 1.03979 -12.0875 0.957808
 1.04009 -12.0753 0.958108
 1.04039 -12.0632 0.958408
 1.04069  -12.051 0.958408
 1.04099 -12.0389 0.958709
 1.04129 -12.0268 0.959009
 1.04159 -12.0147 0.959009
 1.04189 -12.0027 0.959309
 1.04219 -11.9906  0.95961
 1.04249 -11.9786  0.95961
 1.04279 -11.9665  0.95991
 1.04309 -11.9545  0.96021
 1.04339 -11.9426  0.96021
 1.04369 -11.9306 0.960511
 1.04399 -11.9186 0.960811
 1.04429 -11.9067 0.960811
 1.04459 -11.8947 0.961111
 1.04489 -11.8828 0.961411
  1.0452 -11.8709 0.961712
  1.0455  -11.859 0.961712
  1.0458 -11.8472 0.962012
  1.0461 -11.8353 0.962312
  1.0464 -11.8235 0.962312
  1.0467 -11.8116 0.962613
   1.047 -11.7998 0.962913
  1.0473  -11.788 0.962913
  1.0476 -11.7763 0.963213
  1.0479 -11.7645 0.963514
  1.0482 -11.7528 0.963514
  1.0485  -11.741 0.963814
  1.0488 -11.7293 0.964114
  1.0491 -11.7176 0.964114
  1.0494 -11.7059 0.964414
  1.0497 -11.6942 0.964715
    1.05 -11.6826 0.965015
  1.0503 -11.6709 0.965015
  1.0506 -11.6593 0.965315
  1.0509 -11.6477 0.965616
  1.0512 -11.6361 0.965616
  1.0515 -11.6245 0.965916
  1.0518 -11.6129 0.966216
  1.0521 -11.6014 0.966216
  1.0524 -11.5898 0.966517
  1.0527 -11.5783 0.966817
   1.053 -11.5668 0.966817
  1.0533 -11.5553 0.967117
  1.0536 -11.5438 0.967417
  1.0539 -11.5324 0.967417
  1.0542 -11.5209 0.967718
  1.0545 -11.5095 0.968018
  1.0548 -11.4981 0.968018
 1.05511 -11.4866 0.968318
 1.05541 -11.4753 0.968619
 1.05571 -11.4639 0.968919
 1.05601 -11.4525 0.968919
 1.05631 -11.4412 0.969219
 1.05661 -11.4298  0.96952
 1.05691 -11.4185  0.96952
 1.05721 -11.4072  0.96982
 1.05751 -11.3959  0.97012
 1.05781 -11.3846  0.97012
 1.05811 -11.3734  0.97042
 1.05841 -11.3621 0.970721
 1.05871 -11.3509 0.970721
 1.05901 -11.3397 0.971021
 1.05931 -11.3285 0.971321
 1.05961 -11.3173 0.971321
 1.05991 -11.3061 0.971622
 1.06021 -11.2949 0.971922
 1.06051 -11.2838 0.971922
 1.06081 -11.2726 0.972222
 1.06111 -11.2615 0.972523
 1.06141 -11.2504 0.972823
 1.06171 -11.2393 0.972823
 1.06201 -11.2282 0.973123
 1.06231 -11.2172 0.973423
 1.06261 -11.2061 0.973423
 1.06291 -11.1951 0.973724
 1.06321 -11.1841 0.974024
 1.06351  -11.173 0.974024
 1.06381  -11.162 0.974324
 1.06411 -11.1511 0.974625
 1.06441 -11.1401 0.974625
 1.06471 -11.1291 0.974925
 1.06502 -11.1182 0.975225
 1.06532 -11.1073 0.975225
 1.06562 -11.0964 0.975526
 1.06592 -11.0855 0.975826
 1.06622 -11.0746 0.975826
 1.06652 -11.0637 0.976126
 1.06682 -11.0528 0.976426
 1.06712  -11.042 0.976727
 1.06742 -11.0312 0.976727
 1.06772 -11.0204 0.977027
 1.06802 -11.0096 0.977327
 1.06832 -10.9988 0.977327
 1.06862  -10.988 0.977628
 1.06892 -10.9772 0.977928
 1.06922 -10.9665 0.977928
 1.06952 -10.9557 0.978228
 1.06982  -10.945 0.978529
 1.07012 -10.9343 0.978529
 1.07042 -10.9236 0.978829
 1.07072 -10.9129 0.979129
 1.07102 -10.9023 0.979129
 1.07132 -10.8916 0.979429
 1.07162  -10.881  0.97973
 1.07192 -10.8703  0.97973
 1.07222 -10.8597  0.98003
 1.07252 -10.8491  0.98033
 1.07282 -10.8385 0.980631
 1.07312  -10.828 0.980631
 1.07342 -10.8174 0.980931
 1.07372 -10.8068 0.981231
 1.07402 -10.7963 0.981231
 1.07432 -10.7858 0.981532
 1.07462 -10.7753 0.981832
 1.07492 -10.7648 0.981832
 1.07523 -10.7543 0.982132
 1.07553 -10.7438 0.982432
 1.07583 -10.7334 0.982432
 1.07613 -10.7229 0.982733
 1.07643 -10.7125 0.983033
 1.07673 -10.7021 0.983033
 1.07703 -10.6917 0.983333
 1.07733 -10.6813 0.983634
 1.07763 -10.6709 0.983634
 1.07793 -10.6605 0.983934
 1.07823 -10.6502 0.984234
 1.07853 -10.6398 0.984535
 1.07883 -10.6295 0.984535
 1.07913 -10.6192 0.984835
 1.07943 -10.6089 0.985135
 1.07973 -10.5986 0.985135
 1.08003 -10.5883 0.985435
 1.08033 -10.5781 0.985736
 1.08063 -10.5678 0.985736
 1.08093 -10.5576 0.986036
 1.08123 -10.5474 0.986336
 1.08153 -10.5371 0.986336
 1.08183 -10.5269 0.986637
 1.08213 -10.5168 0.986937
 1.08243 -10.5066 0.986937
 1.08273 -10.4964 0.987237
 1.08303 -10.4863 0.987538
 1.08333 -10.4761 0.987538
 1.08363  -10.466 0.987838
 1.08393 -10.4559 0.988138
 1.08423 -10.4458 0.988438
 1.08453 -10.4357 0.988438
 1.08483 -10.4256 0.988739
 1.08514 -10.4156 0.989039
 1.08544 -10.4055 0.989039
 1.08574 -10.3955 0.989339
 1.08604 -10.3855  0.98964
 1.08634 -10.3755  0.98964
 1.08664 -10.3655  0.98994
 1.08694 -10.3555  0.99024
 1.08724 -10.3455  0.99024
 1.08754 -10.3355 0.990541
 1.08784 -10.3256 0.990841
 1.08814 -10.3157 0.990841
 1.08844 -10.3057 0.991141
 1.08874 -10.2958 0.991441
 1.08904 -10.2859 0.991441
 1.08934  -10.276 0.991742
 1.08964 -10.2661 0.992042
 1.08994 -10.2563 0.992342
 1.09024 -10.2464 0.992342
 1.09054 -10.2366 0.992643
 1.09084 -10.2268 0.992943
 1.09114 -10.2169 0.992943
 1.09144 -10.2071 0.993243
 1.09174 -10.1974 0.993544
 1.09204 -10.1876 0.993544
 1.09234 -10.1778 0.993844
 1.09264  -10.168 0.994144
 1.09294 -10.1583 0.994144
 1.09324 -10.1486 0.994444
 1.09354 -10.1389 0.994745
 1.09384 -10.1291 0.994745
 1.09414 -10.1194 0.995045
 1.09444 -10.1098 0.995345
 1.09474 -10.1001 0.995345
 1.09505 -10.0904 0.995646
 1.09535 -10.0808 0.995946
 1.09565 -10.0712 0.995946
 1.09595 -10.0615 0.996246
 1.09625 -10.0519 0.996547
 1.09655 -10.0423 0.996847
 1.09685 -10.0327 0.996847
 1.09715 -10.0231 0.997147
 1.09745 -10.0136 0.997447
 1.09775  -10.004 0.997447
 1.09805 -9.99448 0.997748
 1.09835 -9.98495 0.998048
 1.09865 -9.97543 0.998048
 1.09895 -9.96592 0.998348
 1.09925 -9.95643 0.998649
 1.09955 -9.94695 0.998649
 1.09985 -9.93747 0.998949
 1.10015 -9.92801 0.999249
 1.10045 -9.91856 0.999249
 1.10075 -9.90912  0.99955
 1.10105  -9.8997  0.99985
 1.10135 -9.89028  1.00015
 1.10165 -9.88088  1.00015
 1.10195 -9.87148  1.00045
 1.10225 -9.86211  1.00075
 1.10255 -9.85273  1.00075
 1.10285 -9.84338  1.00105
 1.10315 -9.83403  1.00135
 1.10345  -9.8247  1.00135
 1.10375 -9.81537  1.00165
 1.10405 -9.80606  1.00195
 1.10435 -9.79676  1.00195
 1.10465 -9.78747  1.00225
 1.10495 -9.77819  1.00255
 1.10526 -9.76893  1.00255
 1.10556 -9.75967  1.00285
 1.10586 -9.75042  1.00315
 1.10616 -9.74119  1.00315
 1.10646 -9.73197  1.00345
 1.10676 -9.72276  1.00375
 1.10706 -9.71356  1.00405
 1.10736 -9.70437  1.00405
 1.10766 -9.69519  1.00435
 1.10796 -9.68603  1.00465
 1.10826 -9.67687  1.00465
 1.10856 -9.66773  1.00495
 1.10886 -9.65859  1.00526
 1.10916 -9.64947  1.00526
 1.10946 -9.64036  1.00556
 1.10976 -9.63126  1.00586
 1.11006 -9.62217  1.00586
 1.11036 -9.61309  1.00616
 1.11066 -9.60403  1.00646
 1.11096 -9.59497  1.00646
 1.11126 -9.58592  1.00676
 1.11156 -9.57689  1.00706
 1.11186 -9.56787  1.00706
 1.11216 -9.55886  1.00736
 1.11246 -9.54985  1.00766
 1.11276 -9.54087  1.00766
 1.11306 -9.53188  1.00796
 1.11336 -9.52292  1.00826
 1.11366 -9.51396  1.00856
 1.11396 -9.50501  1.00856
 1.11426 -9.49607  1.00886
 1.11456 -9.48715  1.00916
 1.11486 -9.47823  1.00916
 1.11517 -9.46933  1.00946
 1.11547 -9.46044  1.00976
 1.11577 -9.45155  1.00976
 1.11607 -9.44268  1.01006
 1.11637 -9.43382  1.01036
 1.11667 -9.42497  1.01036
 1.11697 -9.41613  1.01066
 1.11727  -9.4073  1.01096
 1.11757 -9.39848  1.01096
 1.11787 -9.38967  1.01126
 1.11817 -9.38088  1.01156
 1.11847 -9.37209  1.01156
 1.11877 -9.36331  1.01186
 1.11907 -9.35455  1.01216
 1.11937 -9.34579  1.01246
 1.11967 -9.33705  1.01246
 1.11997 -9.32831  1.01276
 1.12027 -9.31959  1.01306
 1.12057 -9.31087  1.01306
 1.12087 -9.30217  1.01336
 1.12117 -9.29348  1.01366
 1.12147  -9.2848  1.01366
 1.12177 -9.27612  1.01396
 1.12207 -9.26746  1.01426
 1.12237 -9.25881  1.01426
 1.12267 -9.25017  1.01456
 1.12297 -9.24154  1.01486
 1.12327 -9.23292  1.01486
 1.12357 -9.22431  1.01517
 1.12387 -9.21571  1.01547
 1.12417 -9.20713  1.01547
 1.12447 -9.19854  1.01577
 1.12477 -9.18998  1.01607
 1.12508 -9.18142  1.01607
 1.12538 -9.17287  1.01637
 1.12568 -9.16433  1.01667
 1.12598 -9.15581  1.01697
 1.12628 -9.14728  1.01697
 1.12658 -9.13878  1.01727
 1.12688 -9.13028  1.01757
 1.12718 -9.12179  1.01757
 1.12748 -9.11332  1.01787
 1.12778 -9.10485  1.01817
 1.12808 -9.09639  1.01817
 1.12838 -9.08795  1.01847
 1.12868 -9.07951  1.01877
 1.12898 -9.07108  1.01877
 1.12928 -9.06267  1.01907
 1.12958 -9.05426  1.01937
 1.12988 -9.04586  1.01937
 1.13018 -9.03748  1.01967
 1.13048  -9.0291  1.01997
 1.13078 -9.02073  1.01997
 1.13108 -9.01238  1.02027
 1.13138 -9.00403  1.02057
 1.13168 -8.99569  1.02057
 1.13198 -8.98736  1.02087
 1.13228 -8.97905  1.02117
 1.13258 -8.97074  1.02147
 1.13288 -8.96244  1.02147
 1.13318 -8.95415  1.02177
 1.13348 -8.94588  1.02207
 1.13378 -8.93761  1.02207
 1.13408 -8.92935  1.02237
 1.13438  -8.9211  1.02267
 1.13468 -8.91286  1.02267
 1.13498 -8.90463  1.02297
 1.13529 -8.89642  1.02327
 1.13559 -8.88821  1.02327
 1.13589 -8.88001  1.02357
 1.13619 -8.87181  1.02387
 1.13649 -8.86364  1.02387
 1.13679 -8.85546  1.02417
 1.13709  -8.8473  1.02447
 1.13739 -8.83915  1.02447
 1.13769 -8.83101  1.02477
 1.13799 -8.82288  1.02508
 1.13829 -8.81476  1.02508
 1.13859 -8.80664  1.02538
 1.13889 -8.79854  1.02568
 1.13919 -8.79045  1.02568
 1.13949 -8.78236  1.02598
 1.13979 -8.77428  1.02628
 1.14009 -8.76622  1.02658
 1.14039 -8.75817  1.02658
 1.14069 -8.75012  1.02688
 1.14099 -8.74208  1.02718
 1.14129 -8.73406  1.02718
 1.14159 -8.72603  1.02748
 1.14189 -8.71803  1.02778
 1.14219 -8.71003  1.02778
 1.14249 -8.70204  1.02808
 1.14279 -8.69406  1.02838
 1.14309 -8.68609  1.02868
 1.14339 -8.67812  1.02868
 1.14369 -8.67017  1.02898
 1.14399 -8.66223  1.02928
 1.14429  -8.6543  1.02928
 1.14459 -8.64637  1.02958
 1.14489 -8.63846  1.02988
  1.1452 -8.63055  1.02988
  1.1455 -8.62266  1.03018
  1.1458 -8.61477  1.03048
  1.1461 -8.60689  1.03048
  1.1464 -8.59902  1.03078
  1.1467 -8.59117  1.03108
   1.147 -8.58331  1.03108
  1.1473 -8.57547  1.03138
  1.1476 -8.56764  1.03168
  1.1479 -8.55982  1.03168
  1.1482   -8.552  1.03198
  1.1485  -8.5442  1.03228
  1.1488 -8.53641  1.03228
  1.1491 -8.52862  1.03258
  1.1494 -8.52084  1.03288
  1.1497 -8.51308  1.03318
    1.15 -8.50531  1.03318