 kgrid  ValNew  Policy 
    0.85 -34.4842 0.873423
  0.8503 -34.4596 0.873724
0.850601  -34.435 0.874024
0.850901 -34.4104 0.874324
0.851201 -34.3859 0.874324
0.851502 -34.3614 0.874625
0.851802 -34.3369 0.874925
0.852102 -34.3124 0.875225
0.852402  -34.288 0.875526
0.852703 -34.2636 0.875826
0.853003 -34.2393 0.875826
0.853303 -34.2149 0.876126
0.853604 -34.1906 0.876426
0.853904 -34.1663 0.876727
0.854204 -34.1421 0.877027
0.854505 -34.1179 0.877027
0.854805 -34.0937 0.877327
0.855105 -34.0695 0.877628
0.855405 -34.0454 0.877928
0.855706 -34.0213 0.878228
0.856006 -33.9972 0.878228
0.856306 -33.9731 0.878529
0.856607 -33.9491 0.878829
0.856907 -33.9251 0.879129
0.857207 -33.9011 0.879429
0.857508 -33.8772  0.87973
0.857808 -33.8533  0.87973
0.858108 -33.8294  0.88003
0.858408 -33.8055  0.88033
0.858709 -33.7817 0.880631
0.859009 -33.7579 0.880931
0.859309 -33.7341 0.880931
 0.85961 -33.7103 0.881231
 0.85991 -33.6866 0.881532
 0.86021 -33.6629 0.881832
0.860511 -33.6392 0.882132
0.860811 -33.6156 0.882132
0.861111  -33.592 0.882432
0.861411 -33.5684 0.882733
0.861712 -33.5448 0.883033
0.862012 -33.5213 0.883333
0.862312 -33.4978 0.883634
0.862613 -33.4743 0.883634
0.862913 -33.4508 0.883934
0.863213 -33.4274 0.884234
0.863514  -33.404 0.884535
0.863814 -33.3806 0.884835
0.864114 -33.3573 0.884835
0.864414 -33.3339 0.885135
0.864715 -33.3106 0.885435
0.865015 -33.2874 0.885736
0.865315 -33.2641 0.886036
0.865616 -33.2409 0.886336
0.865916 -33.2177 0.886336
0.866216 -33.1945 0.886637
0.866517 -33.1714 0.886937
0.866817 -33.1483 0.887237
0.867117 -33.1252 0.887538
0.867417 -33.1021 0.887838
0.867718  -33.079 0.887838
0.868018  -33.056 0.888138
0.868318  -33.033 0.888438
0.868619 -33.0101 0.888739
0.868919 -32.9871 0.889039
0.869219 -32.9642 0.889039
 0.86952 -32.9413 0.889339
 0.86982 -32.9184  0.88964
 0.87012 -32.8956  0.88994
 0.87042 -32.8728  0.89024
0.870721   -32.85 0.890541
0.871021 -32.8272 0.890541
0.871321 -32.8045 0.890841
0.871622 -32.7817 0.891141
0.871922  -32.759 0.891441
0.872222 -32.7364 0.891742
0.872523 -32.7137 0.892042
0.872823 -32.6911 0.892042
0.873123 -32.6685 0.892342
0.873423 -32.6459 0.892643
0.873724 -32.6234 0.892943
0.874024 -32.6009 0.893243
0.874324 -32.5784 0.893544
0.874625 -32.5559 0.893544
0.874925 -32.5334 0.893844
0.875225  -32.511 0.894144
0.875526 -32.4886 0.894444
0.875826 -32.4662 0.894745
0.876126 -32.4438 0.895045
0.876426 -32.4215 0.895045
0.876727 -32.3992 0.895345
0.877027 -32.3769 0.895646
0.877327 -32.3546 0.895946
0.877628 -32.3324 0.896246
0.877928 -32.3102 0.896547
0.878228  -32.288 0.896547
0.878529 -32.2658 0.896847
0.878829 -32.2436 0.897147
0.879129 -32.2215 0.897447
0.879429 -32.1994 0.897748
 0.87973 -32.1773 0.898048
 0.88003 -32.1553 0.898048
 0.88033 -32.1332 0.898348
0.880631 -32.1112 0.898649
0.880931 -32.0892 0.898949
0.881231 -32.0672 0.899249
0.881532 -32.0453  0.89955
0.881832 -32.0234  0.89985
0.882132 -32.0015  0.89985
0.882432 -31.9796  0.90015
0.882733 -31.9577  0.90045
0.883033 -31.9359 0.900751
0.883333 -31.9141 0.901051
0.883634 -31.8923 0.901351
0.883934 -31.8705 0.901351
0.884234 -31.8488 0.901652
0.884535 -31.8271 0.901952
0.884835 -31.8054 0.902252
0.885135 -31.7837 0.902553
0.885435  -31.762 0.902853
0.885736 -31.7404 0.902853
0.886036 -31.7188 0.903153
0.886336 -31.6972 0.903453
0.886637 -31.6756 0.903754
0.886937 -31.6541 0.904054
0.887237 -31.6326 0.904354
0.887538 -31.6111 0.904354
0.887838 -31.5896 0.904655
0.888138 -31.5681 0.904955
0.888438 -31.5467 0.905255
0.888739 -31.5253 0.905556
0.889039 -31.5039 0.905856
0.889339 -31.4825 0.905856
 0.88964 -31.4612 0.906156
 0.88994 -31.4399 0.906456
 0.89024 -31.4186 0.906757
0.890541 -31.3973 0.907057
0.890841  -31.376 0.907357
0.891141 -31.3548 0.907658
0.891441 -31.3336 0.907658
0.891742 -31.3124 0.907958
0.892042 -31.2912 0.908258
0.892342   -31.27 0.908559
0.892643 -31.2489 0.908859
0.892943 -31.2278 0.909159
0.893243 -31.2067 0.909159
0.893544 -31.1856 0.909459
0.893844 -31.1646  0.90976
0.894144 -31.1436  0.91006
0.894444 -31.1226  0.91036
0.894745 -31.1016 0.910661
0.895045 -31.0806 0.910661
0.895345 -31.0597 0.910961
0.895646 -31.0387 0.911261
0.895946 -31.0178 0.911562
0.896246  -30.997 0.911862
0.896547 -30.9761 0.912162
0.896847 -30.9553 0.912462
0.897147 -30.9345 0.912462
0.897447 -30.9137 0.912763
0.897748 -30.8929 0.913063
0.898048 -30.8721 0.913363
0.898348 -30.8514 0.913664
0.898649 -30.8307 0.913964
0.898949   -30.81 0.913964
0.899249 -30.7893 0.914264
 0.89955 -30.7686 0.914565
 0.89985  -30.748 0.914865
 0.90015 -30.7274 0.915165
 0.90045 -30.7068 0.915465
0.900751 -30.6862 0.915766
0.901051 -30.6656 0.915766
0.901351 -30.6451 0.916066
0.901652 -30.6246 0.916366
0.901952 -30.6041 0.916667
0.902252 -30.5836 0.916967
0.902553 -30.5631 0.917267
0.902853 -30.5427 0.917568
0.903153 -30.5223 0.917568
0.903453 -30.5018 0.917868
0.903754 -30.4815 0.918168
0.904054 -30.4611 0.918468
0.904354 -30.4407 0.918769
0.904655 -30.4204 0.919069
0.904955 -30.4001 0.919369
0.905255 -30.3798 0.919369
0.905556 -30.3596  0.91967
0.905856 -30.3393  0.91997
0.906156 -30.3191  0.92027
0.906456 -30.2989 0.920571
0.906757 -30.2787 0.920871
0.907057 -30.2585 0.921171
0.907357 -30.2383 0.921171
0.907658 -30.2182 0.921471
0.907958 -30.1981 0.921772
0.908258  -30.178 0.922072
0.908559 -30.1579 0.922372
0.908859 -30.1379 0.922673
0.909159 -30.1178 0.922973
0.909459 -30.0978 0.922973
 0.90976 -30.0778 0.923273
 0.91006 -30.0578 0.923574
 0.91036 -30.0378 0.923874
0.910661 -30.0179 0.924174
0.910961  -29.998 0.924474
0.911261 -29.9781 0.924775
0.911562 -29.9582 0.924775
0.911862 -29.9383 0.925075
0.912162 -29.9184 0.925375
0.912462 -29.8986 0.925676
0.912763 -29.8788 0.925976
0.913063  -29.859 0.926276
0.913363 -29.8392 0.926577
0.913664 -29.8195 0.926577
0.913964 -29.7997 0.926877
0.914264   -29.78 0.927177
0.914565 -29.7603 0.927477
0.914865 -29.7406 0.927778
0.915165 -29.7209 0.928078
0.915465 -29.7013 0.928378
0.915766 -29.6817 0.928378
0.916066  -29.662 0.928679
0.916366 -29.6424 0.928979
0.916667 -29.6229 0.929279
0.916967 -29.6033  0.92958
0.917267 -29.5838  0.92988
0.917568 -29.5642  0.93018
0.917868 -29.5447  0.93018
0.918168 -29.5252  0.93048
0.918468 -29.5058 0.930781
0.918769 -29.4863 0.931081
0.919069 -29.4669 0.931381
0.919369 -29.4475 0.931682
 0.91967 -29.4281 0.931982
 0.91997 -29.4087 0.931982
 0.92027 -29.3893 0.932282
0.920571   -29.37 0.932583
0.920871 -29.3507 0.932883
0.921171 -29.3313 0.933183
0.921471 -29.3121 0.933483
0.921772 -29.2928 0.933784
0.922072 -29.2735 0.933784
0.922372 -29.2543 0.934084
0.922673 -29.2351 0.934384
0.922973 -29.2159 0.934685
0.923273 -29.1967 0.934985
0.923574 -29.1775 0.935285
0.923874 -29.1584 0.935586
0.924174 -29.1392 0.935886
0.924474 -29.1201 0.935886
0.924775  -29.101 0.936186
0.925075 -29.0819 0.936486
0.925375 -29.0629 0.936787
0.925676 -29.0438 0.937087
0.925976 -29.0248 0.937387
0.926276 -29.0058 0.937387
0.926577 -28.9868 0.937688
0.926877 -28.9678 0.937988
0.927177 -28.9489 0.938288
0.927477 -28.9299 0.938589
0.927778  -28.911 0.938889
0.928078 -28.8921 0.939189
0.928378 -28.8732 0.939189
0.928679 -28.8544 0.939489
0.928979 -28.8355  0.93979
0.929279 -28.8167  0.94009
 0.92958 -28.7978  0.94039
 0.92988  -28.779 0.940691
 0.93018 -28.7602 0.940991
 0.93048 -28.7415 0.941291
0.930781 -28.7227 0.941291
0.931081  -28.704 0.941592
0.931381 -28.6853 0.941892
0.931682 -28.6666 0.942192
0.931982 -28.6479 0.942492
0.932282 -28.6292 0.942793
0.932583 -28.6106 0.943093
0.932883 -28.5919 0.943093
0.933183 -28.5733 0.943393
0.933483 -28.5547 0.943694
0.933784 -28.5361 0.943994
0.934084 -28.5176 0.944294
0.934384  -28.499 0.944595
0.934685 -28.4805 0.944895
0.934985  -28.462 0.944895
0.935285 -28.4435 0.945195
0.935586  -28.425 0.945495
0.935886 -28.4065 0.945796
0.936186 -28.3881 0.946096
0.936486 -28.3696 0.946396
0.936787 -28.3512 0.946697
0.937087 -28.3328 0.946697
0.937387 -28.3144 0.946997
0.937688 -28.2961 0.947297
0.937988 -28.2777 0.947598
0.938288 -28.2594 0.947898
0.938589 -28.2411 0.948198
0.938889 -28.2228 0.948498
0.939189 -28.2045 0.948799
0.939489 -28.1862 0.948799
 0.93979  -28.168 0.949099
 0.94009 -28.1497 0.949399
 0.94039 -28.1315   0.9497
0.940691 -28.1133     0.95
0.940991 -28.0951   0.9503
0.941291 -28.0769 0.950601
0.941592 -28.0588 0.950601
0.941892 -28.0406 0.950901
0.942192 -28.0225 0.951201
0.942492 -28.0044 0.951502
0.942793 -27.9863 0.951802
0.943093 -27.9682 0.952102
0.943393 -27.9502 0.952402
0.943694 -27.9321 0.952402
0.943994 -27.9141 0.952703
0.944294 -27.8961 0.953003
0.944595 -27.8781 0.953303
0.944895 -27.8601 0.953604
0.945195 -27.8422 0.953904
0.945495 -27.8242 0.954204
0.945796 -27.8063 0.954505
0.946096 -27.7884 0.954505
0.946396 -27.7705 0.954805
0.946697 -27.7526 0.955105
0.946997 -27.7347 0.955405
0.947297 -27.7169 0.955706
0.947598  -27.699 0.956006
0.947898 -27.6812 0.956306
0.948198 -27.6634 0.956306
0.948498 -27.6456 0.956607
0.948799 -27.6278 0.956907
0.949099 -27.6101 0.957207
0.949399 -27.5923 0.957508
  0.9497 -27.5746 0.957808
    0.95 -27.5569 0.958108
  0.9503 -27.5392 0.958108
0.950601 -27.5215 0.958408
0.950901 -27.5039 0.958709
0.951201 -27.4862 0.959009
0.951502 -27.4686 0.959309
0.951802  -27.451  0.95961
0.952102 -27.4334  0.95991
0.952402 -27.4158  0.96021
0.952703 -27.3982  0.96021
0.953003 -27.3807 0.960511
0.953303 -27.3631 0.960811
0.953604 -27.3456 0.961111
0.953904 -27.3281 0.961411
0.954204 -27.3106 0.961712
0.954505 -27.2931 0.962012
0.954805 -27.2756 0.962012
0.955105 -27.2582 0.962312
0.955405 -27.2408 0.962613
0.955706 -27.2233 0.962913
0.956006 -27.2059 0.963213
0.956306 -27.1886 0.963514
0.956607 -27.1712 0.963814
0.956907 -27.1538 0.963814
0.957207 -27.1365 0.964114
0.957508 -27.1192 0.964414
0.957808 -27.1018 0.964715
0.958108 -27.0846 0.965015
0.958408 -27.0673 0.965315
0.958709   -27.05 0.965616
0.959009 -27.0328 0.965916
0.959309 -27.0155 0.965916
 0.95961 -26.9983 0.966216
 0.95991 -26.9811 0.966517
 0.96021 -26.9639 0.966817
0.960511 -26.9467 0.967117
0.960811 -26.9296 0.967417
0.961111 -26.9124 0.967718
0.961411 -26.8953 0.967718
0.961712 -26.8782 0.968018
0.962012 -26.8611 0.968318
0.962312  -26.844 0.968619
0.962613 -26.8269 0.968919
0.962913 -26.8098 0.969219
0.963213 -26.7928  0.96952
0.963514 -26.7758  0.96952
0.963814 -26.7588  0.96982
0.964114 -26.7418  0.97012
0.964414 -26.7248  0.97042
0.964715 -26.7078 0.970721
0.965015 -26.6909 0.971021
0.965315 -26.6739 0.971321
0.965616  -26.657 0.971622
0.965916 -26.6401 0.971622
0.966216 -26.6232 0.971922
0.966517 -26.6063 0.972222
0.966817 -26.5894 0.972523
0.967117 -26.5726 0.972823
0.967417 -26.5557 0.973123
0.967718 -26.5389 0.973423
0.968018 -26.5221 0.973423
0.968318 -26.5053 0.973724
0.968619 -26.4885 0.974024
0.968919 -26.4718 0.974324
0.969219  -26.455 0.974625
 0.96952 -26.4383 0.974925
 0.96982 -26.4216 0.975225
 0.97012 -26.4049 0.975526
 0.97042 -26.3882 0.975526
0.970721 -26.3715 0.975826
0.971021 -26.3548 0.976126
0.971321 -26.3382 0.976426
0.971622 -26.3215 0.976727
0.971922 -26.3049 0.977027
0.972222 -26.2883 0.977327
0.972523 -26.2717 0.977327
0.972823 -26.2551 0.977628
0.973123 -26.2385 0.977928
0.973423  -26.222 0.978228
0.973724 -26.2055 0.978529
0.974024 -26.1889 0.978829
0.974324 -26.1724 0.979129
0.974625 -26.1559 0.979129
0.974925 -26.1395 0.979429
0.975225  -26.123  0.97973
0.975526 -26.1065  0.98003
0.975826 -26.0901  0.98033
0.976126 -26.0737 0.980631
0.976426 -26.0573 0.980931
0.976727 -26.0409 0.981231
0.977027 -26.0245 0.981231
0.977327 -26.0081 0.981532
0.977628 -25.9917 0.981832
0.977928 -25.9754 0.982132
0.978228 -25.9591 0.982432
0.978529 -25.9428 0.982733
0.978829 -25.9265 0.983033
0.979129 -25.9102 0.983033
0.979429 -25.8939 0.983333
 0.97973 -25.8777 0.983634
 0.98003 -25.8614 0.983934
 0.98033 -25.8452 0.984234
0.980631  -25.829 0.984535
0.980931 -25.8128 0.984835
0.981231 -25.7966 0.985135
0.981532 -25.7804 0.985135
0.981832 -25.7642 0.985435
0.982132 -25.7481 0.985736
0.982432  -25.732 0.986036
0.982733 -25.7158 0.986336
0.983033 -25.6997 0.986637
0.983333 -25.6836 0.986937
0.983634 -25.6676 0.986937
0.983934 -25.6515 0.987237
0.984234 -25.6354 0.987538
0.984535 -25.6194 0.987838
0.984835 -25.6034 0.988138
0.985135 -25.5874 0.988438
0.985435 -25.5714 0.988739
0.985736 -25.5554 0.989039
0.986036 -25.5394 0.989039
0.986336 -25.5235 0.989339
0.986637 -25.5075  0.98964
0.986937 -25.4916  0.98994
0.987237 -25.4757  0.99024
0.987538 -25.4598 0.990541
0.987838 -25.4439 0.990841
0.988138  -25.428 0.990841
0.988438 -25.4121 0.991141
0.988739 -25.3963 0.991441
0.989039 -25.3804 0.991742
0.989339 -25.3646 0.992042
 0.98964 -25.3488 0.992342
 0.98994  -25.333 0.992643
 0.99024 -25.3172 0.992943
0.990541 -25.3015 0.992943
0.990841 -25.2857 0.993243
0.991141   -25.27 0.993544
0.991441 -25.2542 0.993844
0.991742 -25.2385 0.994144
0.992042 -25.2228 0.994444
0.992342 -25.2071 0.994745
0.992643 -25.1914 0.994745
0.992943 -25.1758 0.995045
0.993243 -25.1601 0.995345
0.993544 -25.1445 0.995646
0.993844 -25.1289 0.995946
0.994144 -25.1132 0.996246
0.994444 -25.0977 0.996547
0.994745 -25.0821 0.996547
0.995045 -25.0665 0.996847
0.995345 -25.0509 0.997147
0.995646 -25.0354 0.997447
0.995946 -25.0199 0.997748
0.996246 -25.0043 0.998048
0.996547 -24.9888 0.998348
0.996847 -24.9733 0.998348
0.997147 -24.9579 0.998649
0.997447 -24.9424 0.998949
0.997748 -24.9269 0.999249
0.998048 -24.9115  0.99955
0.998348 -24.8961  0.99985
0.998649 -24.8806  1.00015
0.998949 -24.8652  1.00045
0.999249 -24.8498  1.00045
 0.99955 -24.8345  1.00075
 0.99985 -24.8191  1.00105
 1.00015 -24.8037  1.00135
 1.00045 -24.7884  1.00165
 1.00075 -24.7731  1.00195
 1.00105 -24.7578  1.00225
 1.00135 -24.7425  1.00225
 1.00165 -24.7272  1.00255
 1.00195 -24.7119  1.00285
 1.00225 -24.6966  1.00315
 1.00255 -24.6814  1.00345
 1.00285 -24.6662  1.00375
 1.00315 -24.6509  1.00405
 1.00345 -24.6357  1.00435
 1.00375 -24.6205  1.00435
 1.00405 -24.6053  1.00465
 1.00435 -24.5902  1.00495
 1.00465  -24.575  1.00526
 1.00495 -24.5598  1.00556
 1.00526 -24.5447  1.00586
 1.00556 -24.5296  1.00616
 1.00586 -24.5145  1.00616
 1.00616 -24.4994  1.00646
 1.00646 -24.4843  1.00676
 1.00676 -24.4692  1.00706
 1.00706 -24.4541  1.00736
 1.00736 -24.4391  1.00766
 1.00766 -24.4241  1.00796
 1.00796  -24.409  1.00826
 1.00826  -24.394  1.00826
 1.00856  -24.379  1.00856
 1.00886  -24.364  1.00886
 1.00916 -24.3491  1.00916
 1.00946 -24.3341  1.00946
 1.00976 -24.3192  1.00976
 1.01006 -24.3042  1.01006
 1.01036 -24.2893  1.01006
 1.01066 -24.2744  1.01036
 1.01096 -24.2595  1.01066
 1.01126 -24.2446  1.01096
 1.01156 -24.2297  1.01126
 1.01186 -24.2149  1.01156
 1.01216    -24.2  1.01186
 1.01246 -24.1852  1.01186
 1.01276 -24.1703  1.01216
 1.01306 -24.1555  1.01246
 1.01336 -24.1407  1.01276
 1.01366 -24.1259  1.01306
 1.01396 -24.1112  1.01336
 1.01426 -24.0964  1.01366
 1.01456 -24.0816  1.01396
 1.01486 -24.0669  1.01396
 1.01517 -24.0522  1.01426
 1.01547 -24.0375  1.01456
 1.01577 -24.0227  1.01486
 1.01607 -24.0081  1.01517
 1.01637 -23.9934  1.01547
 1.01667 -23.9787  1.01577
 1.01697 -23.9641  1.01577
 1.01727 -23.9494  1.01607
 1.01757 -23.9348  1.01637
 1.01787 -23.9202  1.01667
 1.01817 -23.9055  1.01697
 1.01847 -23.8909  1.01727
 1.01877 -23.8764  1.01757
 1.01907 -23.8618  1.01787
 1.01937 -23.8472  1.01787
 1.01967 -23.8327  1.01817
 1.01997 -23.8181  1.01847
 1.02027 -23.8036  1.01877
 1.02057 -23.7891  1.01907
 1.02087 -23.7746  1.01937
 1.02117 -23.7601  1.01967
 1.02147 -23.7456  1.01967
 1.02177 -23.7312  1.01997
 1.02207 -23.7167  1.02027
 1.02237 -23.7023  1.02057
 1.02267 -23.6879  1.02087
 1.02297 -23.6734  1.02117
 1.02327  -23.659  1.02147
 1.02357 -23.6446  1.02147
 1.02387 -23.6303  1.02177
 1.02417 -23.6159  1.02207
 1.02447 -23.6015  1.02237
 1.02477 -23.5872  1.02267
 1.02508 -23.5728  1.02297
 1.02538 -23.5585  1.02327
 1.02568 -23.5442  1.02357
 1.02598 -23.5299  1.02357
 1.02628 -23.5156  1.02387
 1.02658 -23.5013  1.02417
 1.02688 -23.4871  1.02447
 1.02718 -23.4728  1.02477
 1.02748 -23.4586  1.02508
 1.02778 -23.4444  1.02538
 1.02808 -23.4301  1.02538
 1.02838 -23.4159  1.02568
 1.02868 -23.4017  1.02598
 1.02898 -23.3875  1.02628
 1.02928 -23.3734  1.02658
 1.02958 -23.3592  1.02688
 1.02988 -23.3451  1.02718
 1.03018 -23.3309  1.02748
 1.03048 -23.3168  1.02748
 1.03078 -23.3027  1.02778
 1.03108 -23.2886  1.02808
 1.03138 -23.2745  1.02838
 1.03168 -23.2604  1.02868
 1.03198 -23.2463  1.02898
 1.03228 -23.2323  1.02928
 1.03258 -23.2182  1.02928
 1.03288 -23.2042  1.02958
 1.03318 -23.1902  1.02988
 1.03348 -23.1762  1.03018
 1.03378 -23.1622  1.03048
 1.03408 -23.1482  1.03078
 1.03438 -23.1342  1.03108
 1.03468 -23.1202  1.03108
 1.03498 -23.1063  1.03138
 1.03529 -23.0923  1.03168
 1.03559 -23.0784  1.03198
 1.03589 -23.0645  1.03228
 1.03619 -23.0506  1.03258
 1.03649 -23.0367  1.03288
 1.03679 -23.0228  1.03318
 1.03709 -23.0089  1.03318
 1.03739  -22.995  1.03348
 1.03769 -22.9812  1.03378
 1.03799 -22.9673  1.03408
 1.03829 -22.9535  1.03438
 1.03859 -22.9397  1.03468
 1.03889 -22.9259  1.03498
 1.03919 -22.9121  1.03498
 1.03949 -22.8983  1.03529
 1.03979 -22.8845  1.03559
 1.04009 -22.8708  1.03589
 1.04039  -22.857  1.03619
 1.04069 -22.8433  1.03649
 1.04099 -22.8295  1.03679
 1.04129 -22.8158  1.03709
 1.04159 -22.8021  1.03709
 1.04189 -22.7884  1.03739
 1.04219 -22.7747  1.03769
 1.04249  -22.761  1.03799
 1.04279 -22.7474  1.03829
 1.04309 -22.7337  1.03859
 1.04339 -22.7201  1.03889
 1.04369 -22.7064  1.03889
 1.04399 -22.6928  1.03919
 1.04429 -22.6792  1.03949
 1.04459 -22.6656  1.03979
 1.04489  -22.652  1.04009
  1.0452 -22.6384  1.04039
  1.0455 -22.6249  1.04069
  1.0458 -22.6113  1.04069
  1.0461 -22.5978  1.04099
  1.0464 -22.5842  1.04129
  1.0467 -22.5707  1.04159
   1.047 -22.5572  1.04189
  1.0473 -22.5437  1.04219
  1.0476 -22.5302  1.04249
  1.0479 -22.5167  1.04279
  1.0482 -22.5033  1.04279
  1.0485 -22.4898  1.04309
  1.0488 -22.4764  1.04339
  1.0491 -22.4629  1.04369
  1.0494 -22.4495  1.04399
  1.0497 -22.4361  1.04429
    1.05 -22.4227  1.04459
  1.0503 -22.4093  1.04459
  1.0506 -22.3959  1.04489
  1.0509 -22.3825   1.0452
  1.0512 -22.3692   1.0455
  1.0515 -22.3558   1.0458
  1.0518 -22.3425   1.0461
  1.0521 -22.3292   1.0464
  1.0524 -22.3159   1.0467
  1.0527 -22.3025   1.0467
   1.053 -22.2892    1.047
  1.0533  -22.276   1.0473
  1.0536 -22.2627   1.0476
  1.0539 -22.2494   1.0479
  1.0542 -22.2362   1.0482
  1.0545 -22.2229   1.0485
  1.0548 -22.2097   1.0485
 1.05511 -22.1965   1.0488
 1.05541 -22.1832   1.0491
 1.05571   -22.17   1.0494
 1.05601 -22.1569   1.0497
 1.05631 -22.1437     1.05
 1.05661 -22.1305   1.0503
 1.05691 -22.1173   1.0503
 1.05721 -22.1042   1.0506
 1.05751 -22.0911   1.0509
 1.05781 -22.0779   1.0512
 1.05811 -22.0648   1.0515
 1.05841 -22.0517   1.0518
 1.05871 -22.0386   1.0521
 1.05901 -22.0255   1.0524
 1.05931 -22.0124   1.0524
 1.05961 -21.9994   1.0527
 1.05991 -21.9863    1.053
 1.06021 -21.9733   1.0533
 1.06051 -21.9602   1.0536
 1.06081 -21.9472   1.0539
 1.06111 -21.9342   1.0542
 1.06141 -21.9212   1.0542
 1.06171 -21.9082   1.0545
 1.06201 -21.8952   1.0548
 1.06231 -21.8823  1.05511
 1.06261 -21.8693  1.05541
 1.06291 -21.8563  1.05571
 1.06321 -21.8434  1.05601
 1.06351 -21.8305  1.05601
 1.06381 -21.8175  1.05631
 1.06411 -21.8046  1.05661
 1.06441 -21.7917  1.05691
 1.06471 -21.7788  1.05721
 1.06502  -21.766  1.05751
 1.06532 -21.7531  1.05781
 1.06562 -21.7402  1.05781
 1.06592 -21.7274  1.05811
 1.06622 -21.7145  1.05841
 1.06652 -21.7017  1.05871
 1.06682 -21.6889  1.05901
 1.06712 -21.6761  1.05931
 1.06742 -21.6633  1.05961
 1.06772 -21.6505  1.05991
 1.06802 -21.6377  1.05991
 1.06832  -21.625  1.06021
 1.06862 -21.6122  1.06051
 1.06892 -21.5994  1.06081
 1.06922 -21.5867  1.06111
 1.06952  -21.574  1.06141
 1.06982 -21.5613  1.06171
 1.07012 -21.5486  1.06171
 1.07042 -21.5359  1.06201
 1.07072 -21.5232  1.06231
 1.07102 -21.5105  1.06261
 1.07132 -21.4978  1.06291
 1.07162 -21.4852  1.06321
 1.07192 -21.4725  1.06351
 1.07222 -21.4599  1.06381
 1.07252 -21.4473  1.06381
 1.07282 -21.4346  1.06411
 1.07312  -21.422  1.06441
 1.07342 -21.4094  1.06471
 1.07372 -21.3968  1.06502
 1.07402 -21.3843  1.06532
 1.07432 -21.3717  1.06562
 1.07462 -21.3591  1.06562
 1.07492 -21.3466  1.06592
 1.07523  -21.334  1.06622
 1.07553 -21.3215  1.06652
 1.07583  -21.309  1.06682
 1.07613 -21.2965  1.06712
 1.07643  -21.284  1.06742
 1.07673 -21.2715  1.06742
 1.07703  -21.259  1.06772
 1.07733 -21.2466  1.06802
 1.07763 -21.2341  1.06832
 1.07793 -21.2216  1.06862
 1.07823 -21.2092  1.06892
 1.07853 -21.1968  1.06922
 1.07883 -21.1844  1.06952
 1.07913 -21.1719  1.06952
 1.07943 -21.1595  1.06982
 1.07973 -21.1471  1.07012
 1.08003 -21.1348  1.07042
 1.08033 -21.1224  1.07072
 1.08063   -21.11  1.07102
 1.08093 -21.0977  1.07132
 1.08123 -21.0853  1.07132
 1.08153  -21.073  1.07162
 1.08183 -21.0607  1.07192
 1.08213 -21.0484  1.07222
 1.08243 -21.0361  1.07252
 1.08273 -21.0238  1.07282
 1.08303 -21.0115  1.07312
 1.08333 -20.9992  1.07312
 1.08363 -20.9869  1.07342
 1.08393 -20.9747  1.07372
 1.08423 -20.9624  1.07402
 1.08453 -20.9502  1.07432
 1.08483  -20.938  1.07462
 1.08514 -20.9257  1.07492
 1.08544 -20.9135  1.07523
 1.08574 -20.9013  1.07523
 1.08604 -20.8891  1.07553
 1.08634  -20.877  1.07583
 1.08664 -20.8648  1.07613
 1.08694 -20.8526  1.07643
 1.08724 -20.8405  1.07673
 1.08754 -20.8283  1.07703
 1.08784 -20.8162  1.07703
 1.08814 -20.8041  1.07733
 1.08844  -20.792  1.07763
 1.08874 -20.7799  1.07793
 1.08904 -20.7678  1.07823
 1.08934 -20.7557  1.07853
 1.08964 -20.7436  1.07883
 1.08994 -20.7315  1.07883
 1.09024 -20.7195  1.07913
 1.09054 -20.7074  1.07943
 1.09084 -20.6954  1.07973
 1.09114 -20.6834  1.08003
 1.09144 -20.6713  1.08033
 1.09174 -20.6593  1.08063
 1.09204 -20.6473  1.08063
 1.09234 -20.6353  1.08093
 1.09264 -20.6234  1.08123
 1.09294 -20.6114  1.08153
 1.09324 -20.5994  1.08183
 1.09354 -20.5875  1.08213
 1.09384 -20.5755  1.08243
 1.09414 -20.5636  1.08273
 1.09444 -20.5517  1.08273
 1.09474 -20.5397  1.08303
 1.09505 -20.5278  1.08333
 1.09535 -20.5159  1.08363
 1.09565  -20.504  1.08393
 1.09595 -20.4922  1.08423
 1.09625 -20.4803  1.08453
 1.09655 -20.4684  1.08453
 1.09685 -20.4566  1.08483
 1.09715 -20.4447  1.08514
 1.09745 -20.4329  1.08544
 1.09775 -20.4211  1.08574
 1.09805 -20.4093  1.08604
 1.09835 -20.3975  1.08634
 1.09865 -20.3857  1.08634
 1.09895 -20.3739  1.08664
 1.09925 -20.3621  1.08694
 1.09955 -20.3503  1.08724
 1.09985 -20.3386  1.08754
 1.10015 -20.3268  1.08784
 1.10045 -20.3151  1.08814
 1.10075 -20.3033  1.08844
 1.10105 -20.2916  1.08844
 1.10135 -20.2799  1.08874
 1.10165 -20.2682  1.08904
 1.10195 -20.2565  1.08934
 1.10225 -20.2448  1.08964
 1.10255 -20.2331  1.08994
 1.10285 -20.2214  1.09024
 1.10315 -20.2098  1.09024
 1.10345 -20.1981  1.09054
 1.10375 -20.1865  1.09084
 1.10405 -20.1748  1.09114
 1.10435 -20.1632  1.09144
 1.10465 -20.1516  1.09174
 1.10495   -20.14  1.09204
 1.10526 -20.1284  1.09204
 1.10556 -20.1168  1.09234
 1.10586 -20.1052  1.09264
 1.10616 -20.0936  1.09294
 1.10646 -20.0821  1.09324
 1.10676 -20.0705  1.09354
 1.10706  -20.059  1.09384
 1.10736 -20.0474  1.09384
 1.10766 -20.0359  1.09414
 1.10796 -20.0244  1.09444
 1.10826 -20.0129  1.09474
 1.10856 -20.0014  1.09505
 1.10886 -19.9899  1.09535
 1.10916 -19.9784  1.09565
 1.10946 -19.9669  1.09595
 1.10976 -19.9555  1.09595
 1.11006  -19.944  1.09625
 1.11036 -19.9326  1.09655
 1.11066 -19.9211  1.09685
 1.11096 -19.9097  1.09715
 1.11126 -19.8983  1.09745
 1.11156 -19.8869  1.09775
 1.11186 -19.8755  1.09775
 1.11216 -19.8641  1.09805
 1.11246 -19.8527  1.09835
 1.11276 -19.8413  1.09865
 1.11306 -19.8299  1.09895
 1.11336 -19.8186  1.09925
 1.11366 -19.8072  1.09955
 1.11396 -19.7959  1.09955
 1.11426 -19.7845  1.09985
 1.11456 -19.7732  1.10015
 1.11486 -19.7619  1.10045
 1.11517 -19.7506  1.10075
 1.11547 -19.7393  1.10105
 1.11577  -19.728  1.10135
 1.11607 -19.7167  1.10135
 1.11637 -19.7054  1.10165
 1.11667 -19.6942  1.10195
 1.11697 -19.6829  1.10225
 1.11727 -19.6716  1.10255
 1.11757 -19.6604  1.10285
 1.11787 -19.6492  1.10315
 1.11817  -19.638  1.10345
 1.11847 -19.6267  1.10345
 1.11877 -19.6155  1.10375
 1.11907 -19.6043  1.10405
 1.11937 -19.5931  1.10435
 1.11967  -19.582  1.10465
 1.11997 -19.5708  1.10495
 1.12027 -19.5596  1.10526
 1.12057 -19.5485  1.10526
 1.12087 -19.5373  1.10556
 1.12117 -19.5262  1.10586
 1.12147 -19.5151  1.10616
 1.12177 -19.5039  1.10646
 1.12207 -19.4928  1.10676
 1.12237 -19.4817  1.10706
 1.12267 -19.4706  1.10706
 1.12297 -19.4595  1.10736
 1.12327 -19.4485  1.10766
 1.12357 -19.4374  1.10796
 1.12387 -19.4263  1.10826
 1.12417 -19.4153  1.10856
 1.12447 -19.4042  1.10886
 1.12477 -19.3932  1.10886
 1.12508 -19.3822  1.10916
 1.12538 -19.3712  1.10946
 1.12568 -19.3601  1.10976
 1.12598 -19.3491  1.11006
 1.12628 -19.3381  1.11036
 1.12658 -19.3272  1.11066
 1.12688 -19.3162  1.11096
 1.12718 -19.3052  1.11096
 1.12748 -19.2943  1.11126
 1.12778 -19.2833  1.11156
 1.12808 -19.2724  1.11186
 1.12838 -19.2614  1.11216
 1.12868 -19.2505  1.11246
 1.12898 -19.2396  1.11276
 1.12928 -19.2287  1.11276
 1.12958 -19.2178  1.11306
 1.12988 -19.2069  1.11336
 1.13018  -19.196  1.11366
 1.13048 -19.1851  1.11396
 1.13078 -19.1742  1.11426
 1.13108 -19.1634  1.11456
 1.13138 -19.1525  1.11456
 1.13168 -19.1417  1.11486
 1.13198 -19.1308  1.11517
 1.13228   -19.12  1.11547
 1.13258 -19.1092  1.11577
 1.13288 -19.0984  1.11607
 1.13318 -19.0876  1.11637
 1.13348 -19.0768  1.11637
 1.13378  -19.066  1.11667
 1.13408 -19.0552  1.11697
 1.13438 -19.0444  1.11727
 1.13468 -19.0337  1.11757
 1.13498 -19.0229  1.11787
 1.13529 -19.0122  1.11817
 1.13559 -19.0014  1.11817
 1.13589 -18.9907  1.11847
 1.13619   -18.98  1.11877
 1.13649 -18.9693  1.11907
 1.13679 -18.9585  1.11937
 1.13709 -18.9478  1.11967
 1.13739 -18.9372  1.11997
 1.13769 -18.9265  1.12027
 1.13799 -18.9158  1.12027
 1.13829 -18.9051  1.12057
 1.13859 -18.8945  1.12087
 1.13889 -18.8838  1.12117
 1.13919 -18.8732  1.12147
 1.13949 -18.8625  1.12177
 1.13979 -18.8519  1.12207
 1.14009 -18.8413  1.12207
 1.14039 -18.8307  1.12237
 1.14069 -18.8201  1.12267
 1.14099 -18.8095  1.12297
 1.14129 -18.7989  1.12327
 1.14159 -18.7883  1.12357
 1.14189 -18.7778  1.12387
 1.14219 -18.7672  1.12387
 1.14249 -18.7566  1.12417
 1.14279 -18.7461  1.12447
 1.14309 -18.7356  1.12477
 1.14339  -18.725  1.12508
 1.14369 -18.7145  1.12538
 1.14399  -18.704  1.12568
 1.14429 -18.6935  1.12598
 1.14459  -18.683  1.12598
 1.14489 -18.6725  1.12628
  1.1452  -18.662  1.12658
  1.1455 -18.6515  1.12688
  1.1458 -18.6411  1.12718
  1.1461 -18.6306  1.12748
  1.1464 -18.6201  1.12778
  1.1467 -18.6097  1.12778
   1.147 -18.5993  1.12808
  1.1473 -18.5888  1.12838
  1.1476 -18.5784  1.12868
  1.1479  -18.568  1.12898
  1.1482 -18.5576  1.12928
  1.1485 -18.5472  1.12958
  1.1488 -18.5368  1.12958
  1.1491 -18.5264  1.12988
  1.1494  -18.516  1.13018
  1.1497 -18.5057  1.13048
    1.15 -18.4953  1.13078