 kgrid  ValNew  Policy 
    0.85 -43.7655 0.861111
  0.8503 -43.7383 0.861111
0.850601 -43.7111 0.861411
0.850901  -43.684 0.861712
0.851201 -43.6569 0.862012
0.851502 -43.6299 0.862012
0.851802 -43.6029 0.862312
0.852102  -43.576 0.862613
0.852402 -43.5491 0.862613
0.852703 -43.5222 0.862913
0.853003 -43.4953 0.863213
0.853303 -43.4686 0.863514
0.853604 -43.4418 0.863514
0.853904 -43.4151 0.863814
0.854204 -43.3884 0.864114
0.854505 -43.3618 0.864114
0.854805 -43.3352 0.864414
0.855105 -43.3086 0.864715
0.855405 -43.2821 0.865015
0.855706 -43.2557 0.865015
0.856006 -43.2292 0.865315
0.856306 -43.2028 0.865616
0.856607 -43.1765 0.865916
0.856907 -43.1501 0.865916
0.857207 -43.1238 0.866216
0.857508 -43.0976 0.866517
0.857808 -43.0714 0.866517
0.858108 -43.0452 0.866817
0.858408 -43.0191 0.867117
0.858709  -42.993 0.867417
0.859009  -42.967 0.867417
0.859309 -42.9409 0.867718
 0.85961  -42.915 0.868018
 0.85991  -42.889 0.868318
 0.86021 -42.8631 0.868318
0.860511 -42.8372 0.868619
0.860811 -42.8114 0.868919
0.861111 -42.7856 0.868919
0.861411 -42.7598 0.869219
0.861712 -42.7341  0.86952
0.862012 -42.7084  0.86982
0.862312 -42.6828  0.86982
0.862613 -42.6572  0.87012
0.862913 -42.6316  0.87042
0.863213 -42.6061 0.870721
0.863514 -42.5805 0.870721
0.863814 -42.5551 0.871021
0.864114 -42.5296 0.871321
0.864414 -42.5042 0.871622
0.864715 -42.4789 0.871622
0.865015 -42.4535 0.871922
0.865315 -42.4282 0.872222
0.865616  -42.403 0.872523
0.865916 -42.3778 0.872523
0.866216 -42.3526 0.872823
0.866517 -42.3274 0.873123
0.866817 -42.3023 0.873423
0.867117 -42.2772 0.873724
0.867417 -42.2521 0.873724
0.867718  -42.227 0.874024
0.868018  -42.202 0.874324
0.868318  -42.177 0.874625
0.868619  -42.152 0.874925
0.868919 -42.1271 0.875225
0.869219 -42.1022 0.875225
 0.86952 -42.0773 0.875526
 0.86982 -42.0524 0.875826
 0.87012 -42.0276 0.876126
 0.87042 -42.0028 0.876426
0.870721  -41.978 0.876426
0.871021 -41.9532 0.876727
0.871321 -41.9285 0.877027
0.871622 -41.9038 0.877327
0.871922 -41.8791 0.877628
0.872222 -41.8545 0.877928
0.872523 -41.8298 0.877928
0.872823 -41.8052 0.878228
0.873123 -41.7807 0.878529
0.873423 -41.7561 0.878829
0.873724 -41.7316 0.879129
0.874024 -41.7071 0.879429
0.874324 -41.6827 0.879429
0.874625 -41.6582  0.87973
0.874925 -41.6338  0.88003
0.875225 -41.6094  0.88033
0.875526  -41.585 0.880631
0.875826 -41.5607 0.880931
0.876126 -41.5364 0.880931
0.876426 -41.5121 0.881231
0.876727 -41.4878 0.881532
0.877027 -41.4636 0.881832
0.877327 -41.4394 0.882132
0.877628 -41.4152 0.882432
0.877928  -41.391 0.882733
0.878228 -41.3669 0.882733
0.878529 -41.3427 0.883033
0.878829 -41.3187 0.883333
0.879129 -41.2946 0.883634
0.879429 -41.2706 0.883934
 0.87973 -41.2466 0.884234
 0.88003 -41.2226 0.884234
 0.88033 -41.1986 0.884535
0.880631 -41.1746 0.884835
0.880931 -41.1507 0.885135
0.881231 -41.1268 0.885435
0.881532  -41.103 0.885736
0.881832 -41.0791 0.885736
0.882132 -41.0553 0.886036
0.882432 -41.0315 0.886336
0.882733 -41.0077 0.886637
0.883033  -40.984 0.886937
0.883333 -40.9603 0.887237
0.883634 -40.9366 0.887237
0.883934 -40.9129 0.887538
0.884234 -40.8892 0.887838
0.884535 -40.8656 0.888138
0.884835  -40.842 0.888438
0.885135 -40.8184 0.888739
0.885435 -40.7949 0.889039
0.885736 -40.7713 0.889039
0.886036 -40.7478 0.889339
0.886336 -40.7243  0.88964
0.886637 -40.7008  0.88994
0.886937 -40.6774  0.89024
0.887237  -40.654 0.890541
0.887538 -40.6306 0.890841
0.887838 -40.6072 0.890841
0.888138 -40.5838 0.891141
0.888438 -40.5605 0.891441
0.888739 -40.5372 0.891742
0.889039 -40.5139 0.892042
0.889339 -40.4906 0.892342
 0.88964 -40.4674 0.892643
 0.88994 -40.4441 0.892643
 0.89024 -40.4209 0.892943
0.890541 -40.3978 0.893243
0.890841 -40.3746 0.893544
0.891141 -40.3515 0.893844
0.891441 -40.3284 0.894144
0.891742 -40.3053 0.894444
0.892042 -40.2822 0.894444
0.892342 -40.2592 0.894745
0.892643 -40.2361 0.895045
0.892943 -40.2131 0.895345
0.893243 -40.1901 0.895646
0.893544 -40.1672 0.895946
0.893844 -40.1443 0.896246
0.894144 -40.1213 0.896246
0.894444 -40.0984 0.896547
0.894745 -40.0756 0.896847
0.895045 -40.0527 0.897147
0.895345 -40.0299 0.897447
0.895646 -40.0071 0.897748
0.895946 -39.9843 0.898048
0.896246 -39.9615 0.898048
0.896547 -39.9388 0.898348
0.896847 -39.9161 0.898649
0.897147 -39.8934 0.898949
0.897447 -39.8707 0.899249
0.897748  -39.848  0.89955
0.898048 -39.8254  0.89985
0.898348 -39.8028  0.89985
0.898649 -39.7802  0.90015
0.898949 -39.7576  0.90045
0.899249 -39.7351 0.900751
 0.89955 -39.7125 0.901051
 0.89985   -39.69 0.901351
 0.90015 -39.6675 0.901652
 0.90045 -39.6451 0.901652
0.900751 -39.6226 0.901952
0.901051 -39.6002 0.902252
0.901351 -39.5778 0.902553
0.901652 -39.5554 0.902853
0.901952  -39.533 0.903153
0.902252 -39.5107 0.903453
0.902553 -39.4884 0.903453
0.902853 -39.4661 0.903754
0.903153 -39.4438 0.904054
0.903453 -39.4215 0.904354
0.903754 -39.3993 0.904655
0.904054 -39.3771 0.904955
0.904354 -39.3549 0.905255
0.904655 -39.3327 0.905255
0.904955 -39.3105 0.905556
0.905255 -39.2884 0.905856
0.905556 -39.2663 0.906156
0.905856 -39.2442 0.906456
0.906156 -39.2221 0.906757
0.906456    -39.2 0.907057
0.906757  -39.178 0.907357
0.907057  -39.156 0.907357
0.907357  -39.134 0.907658
0.907658  -39.112 0.907958
0.907958   -39.09 0.908258
0.908258 -39.0681 0.908559
0.908559 -39.0461 0.908859
0.908859 -39.0242 0.909159
0.909159 -39.0024 0.909459
0.909459 -38.9805 0.909459
 0.90976 -38.9586  0.90976
 0.91006 -38.9368  0.91006
 0.91036  -38.915  0.91036
0.910661 -38.8932 0.910661
0.910961 -38.8714 0.910961
0.911261 -38.8497 0.911261
0.911562 -38.8279 0.911562
0.911862 -38.8062 0.911862
0.912162 -38.7845 0.911862
0.912462 -38.7628 0.912162
0.912763 -38.7412 0.912462
0.913063 -38.7195 0.912763
0.913363 -38.6979 0.913063
0.913664 -38.6763 0.913363
0.913964 -38.6547 0.913664
0.914264 -38.6331 0.913964
0.914565 -38.6116 0.913964
0.914865   -38.59 0.914264
0.915165 -38.5685 0.914565
0.915465  -38.547 0.914865
0.915766 -38.5255 0.915165
0.916066 -38.5041 0.915465
0.916366 -38.4826 0.915766
0.916667 -38.4612 0.916066
0.916967 -38.4398 0.916066
0.917267 -38.4184 0.916366
0.917568  -38.397 0.916667
0.917868 -38.3757 0.916967
0.918168 -38.3544 0.917267
0.918468  -38.333 0.917568
0.918769 -38.3117 0.917868
0.919069 -38.2905 0.918168
0.919369 -38.2692 0.918168
 0.91967  -38.248 0.918468
 0.91997 -38.2267 0.918769
 0.92027 -38.2055 0.919069
0.920571 -38.1843 0.919369
0.920871 -38.1632  0.91967
0.921171  -38.142  0.91997
0.921471 -38.1209  0.92027
0.921772 -38.0997 0.920571
0.922072 -38.0786 0.920571
0.922372 -38.0576 0.920871
0.922673 -38.0365 0.921171
0.922973 -38.0154 0.921471
0.923273 -37.9944 0.921772
0.923574 -37.9734 0.922072
0.923874 -37.9524 0.922372
0.924174 -37.9314 0.922673
0.924474 -37.9105 0.922673
0.924775 -37.8895 0.922973
0.925075 -37.8686 0.923273
0.925375 -37.8477 0.923574
0.925676 -37.8268 0.923874
0.925976 -37.8059 0.924174
0.926276  -37.785 0.924474
0.926577 -37.7642 0.924775
0.926877 -37.7434 0.925075
0.927177 -37.7226 0.925075
0.927477 -37.7018 0.925375
0.927778  -37.681 0.925676
0.928078 -37.6603 0.925976
0.928378 -37.6395 0.926276
0.928679 -37.6188 0.926577
0.928979 -37.5981 0.926877
0.929279 -37.5774 0.927177
 0.92958 -37.5567 0.927477
 0.92988 -37.5361 0.927477
 0.93018 -37.5155 0.927778
 0.93048 -37.4948 0.928078
0.930781 -37.4742 0.928378
0.931081 -37.4537 0.928679
0.931381 -37.4331 0.928979
0.931682 -37.4125 0.929279
0.931982  -37.392  0.92958
0.932282 -37.3715  0.92958
0.932583  -37.351  0.92988
0.932883 -37.3305  0.93018
0.933183   -37.31  0.93048
0.933483 -37.2896 0.930781
0.933784 -37.2691 0.931081
0.934084 -37.2487 0.931381
0.934384 -37.2283 0.931682
0.934685 -37.2079 0.931982
0.934985 -37.1876 0.931982
0.935285 -37.1672 0.932282
0.935586 -37.1469 0.932583
0.935886 -37.1266 0.932883
0.936186 -37.1063 0.933183
0.936486  -37.086 0.933483
0.936787 -37.0657 0.933784
0.937087 -37.0454 0.934084
0.937387 -37.0252 0.934384
0.937688  -37.005 0.934384
0.937988 -36.9848 0.934685
0.938288 -36.9646 0.934985
0.938589 -36.9444 0.935285
0.938889 -36.9243 0.935586
0.939189 -36.9041 0.935886
0.939489  -36.884 0.936186
 0.93979 -36.8639 0.936486
 0.94009 -36.8438 0.936787
 0.94039 -36.8237 0.936787
0.940691 -36.8037 0.937087
0.940991 -36.7836 0.937387
0.941291 -36.7636 0.937688
0.941592 -36.7436 0.937988
0.941892 -36.7236 0.938288
0.942192 -36.7036 0.938589
0.942492 -36.6836 0.938889
0.942793 -36.6637 0.939189
0.943093 -36.6438 0.939189
0.943393 -36.6238 0.939489
0.943694 -36.6039  0.93979
0.943994 -36.5841  0.94009
0.944294 -36.5642  0.94039
0.944595 -36.5443 0.940691
0.944895 -36.5245 0.940991
0.945195 -36.5047 0.941291
0.945495 -36.4849 0.941592
0.945796 -36.4651 0.941592
0.946096 -36.4453 0.941892
0.946396 -36.4255 0.942192
0.946697 -36.4058 0.942492
0.946997 -36.3861 0.942793
0.947297 -36.3664 0.943093
0.947598 -36.3467 0.943393
0.947898  -36.327 0.943694
0.948198 -36.3073 0.943994
0.948498 -36.2877 0.943994
0.948799  -36.268 0.944294
0.949099 -36.2484 0.944595
0.949399 -36.2288 0.944895
  0.9497 -36.2092 0.945195
    0.95 -36.1896 0.945495
  0.9503 -36.1701 0.945796
0.950601 -36.1506 0.946096
0.950901  -36.131 0.946396
0.951201 -36.1115 0.946396
0.951502  -36.092 0.946697
0.951802 -36.0725 0.946997
0.952102 -36.0531 0.947297
0.952402 -36.0336 0.947598
0.952703 -36.0142 0.947898
0.953003 -35.9948 0.948198
0.953303 -35.9754 0.948498
0.953604  -35.956 0.948799
0.953904 -35.9366 0.949099
0.954204 -35.9172 0.949099
0.954505 -35.8979 0.949399
0.954805 -35.8786   0.9497
0.955105 -35.8593     0.95
0.955405   -35.84   0.9503
0.955706 -35.8207 0.950601
0.956006 -35.8014 0.950901
0.956306 -35.7822 0.951201
0.956607 -35.7629 0.951502
0.956907 -35.7437 0.951502
0.957207 -35.7245 0.951802
0.957508 -35.7053 0.952102
0.957808 -35.6861 0.952402
0.958108 -35.6669 0.952703
0.958408 -35.6478 0.953003
0.958709 -35.6287 0.953303
0.959009 -35.6095 0.953604
0.959309 -35.5904 0.953904
 0.95961 -35.5713 0.953904
 0.95991 -35.5523 0.954204
 0.96021 -35.5332 0.954505
0.960511 -35.5142 0.954805
0.960811 -35.4951 0.955105
0.961111 -35.4761 0.955405
0.961411 -35.4571 0.955706
0.961712 -35.4381 0.956006
0.962012 -35.4191 0.956306
0.962312 -35.4002 0.956306
0.962613 -35.3812 0.956607
0.962913 -35.3623 0.956907
0.963213 -35.3434 0.957207
0.963514 -35.3245 0.957508
0.963814 -35.3056 0.957808
0.964114 -35.2867 0.958108
0.964414 -35.2679 0.958408
0.964715  -35.249 0.958709
0.965015 -35.2302 0.959009
0.965315 -35.2114 0.959009
0.965616 -35.1926 0.959309
0.965916 -35.1738  0.95961
0.966216  -35.155  0.95991
0.966517 -35.1363  0.96021
0.966817 -35.1175 0.960511
0.967117 -35.0988 0.960811
0.967417 -35.0801 0.961111
0.967718 -35.0614 0.961411
0.968018 -35.0427 0.961411
0.968318  -35.024 0.961712
0.968619 -35.0054 0.962012
0.968919 -34.9867 0.962312
0.969219 -34.9681 0.962613
 0.96952 -34.9495 0.962913
 0.96982 -34.9309 0.963213
 0.97012 -34.9123 0.963514
 0.97042 -34.8937 0.963814
0.970721 -34.8752 0.964114
0.971021 -34.8566 0.964114
0.971321 -34.8381 0.964414
0.971622 -34.8196 0.964715
0.971922 -34.8011 0.965015
0.972222 -34.7826 0.965315
0.972523 -34.7641 0.965616
0.972823 -34.7457 0.965916
0.973123 -34.7272 0.966216
0.973423 -34.7088 0.966517
0.973724 -34.6904 0.966517
0.974024  -34.672 0.966817
0.974324 -34.6536 0.967117
0.974625 -34.6352 0.967417
0.974925 -34.6168 0.967718
0.975225 -34.5985 0.968018
0.975526 -34.5801 0.968318
0.975826 -34.5618 0.968619
0.976126 -34.5435 0.968919
0.976426 -34.5252 0.969219
0.976727 -34.5069 0.969219
0.977027 -34.4887  0.96952
0.977327 -34.4704  0.96982
0.977628 -34.4522  0.97012
0.977928  -34.434  0.97042
0.978228 -34.4157 0.970721
0.978529 -34.3975 0.971021
0.978829 -34.3794 0.971321
0.979129 -34.3612 0.971622
0.979429  -34.343 0.971622
 0.97973 -34.3249 0.971922
 0.98003 -34.3068 0.972222
 0.98033 -34.2886 0.972523
0.980631 -34.2705 0.972823
0.980931 -34.2525 0.973123
0.981231 -34.2344 0.973423
0.981532 -34.2163 0.973724
0.981832 -34.1983 0.974024
0.982132 -34.1802 0.974324
0.982432 -34.1622 0.974324
0.982733 -34.1442 0.974625
0.983033 -34.1262 0.974925
0.983333 -34.1082 0.975225
0.983634 -34.0903 0.975526
0.983934 -34.0723 0.975826
0.984234 -34.0544 0.976126
0.984535 -34.0364 0.976426
0.984835 -34.0185 0.976727
0.985135 -34.0006 0.976727
0.985435 -33.9827 0.977027
0.985736 -33.9649 0.977327
0.986036  -33.947 0.977628
0.986336 -33.9292 0.977928
0.986637 -33.9113 0.978228
0.986937 -33.8935 0.978529
0.987237 -33.8757 0.978829
0.987538 -33.8579 0.979129
0.987838 -33.8401 0.979429
0.988138 -33.8224 0.979429
0.988438 -33.8046  0.97973
0.988739 -33.7869  0.98003
0.989039 -33.7691  0.98033
0.989339 -33.7514 0.980631
 0.98964 -33.7337 0.980931
 0.98994  -33.716 0.981231
 0.99024 -33.6983 0.981532
0.990541 -33.6807 0.981832
0.990841  -33.663 0.981832
0.991141 -33.6454 0.982132
0.991441 -33.6278 0.982432
0.991742 -33.6102 0.982733
0.992042 -33.5926 0.983033
0.992342  -33.575 0.983333
0.992643 -33.5574 0.983634
0.992943 -33.5398 0.983934
0.993243 -33.5223 0.984234
0.993544 -33.5048 0.984535
0.993844 -33.4873 0.984535
0.994144 -33.4697 0.984835
0.994444 -33.4523 0.985135
0.994745 -33.4348 0.985435
0.995045 -33.4173 0.985736
0.995345 -33.3998 0.986036
0.995646 -33.3824 0.986336
0.995946  -33.365 0.986637
0.996246 -33.3476 0.986937
0.996547 -33.3302 0.987237
0.996847 -33.3128 0.987237
0.997147 -33.2954 0.987538
0.997447  -33.278 0.987838
0.997748 -33.2607 0.988138
0.998048 -33.2433 0.988438
0.998348  -33.226 0.988739
0.998649 -33.2087 0.989039
0.998949 -33.1914 0.989339
0.999249 -33.1741  0.98964
 0.99955 -33.1568  0.98964
 0.99985 -33.1395  0.98994
 1.00015 -33.1223  0.99024
 1.00045 -33.1051 0.990541
 1.00075 -33.0878 0.990841
 1.00105 -33.0706 0.991141
 1.00135 -33.0534 0.991441
 1.00165 -33.0362 0.991742
 1.00195  -33.019 0.992042
 1.00225 -33.0019 0.992342
 1.00255 -32.9847 0.992342
 1.00285 -32.9676 0.992643
 1.00315 -32.9505 0.992943
 1.00345 -32.9334 0.993243
 1.00375 -32.9162 0.993544
 1.00405 -32.8992 0.993844
 1.00435 -32.8821 0.994144
 1.00465  -32.865 0.994444
 1.00495  -32.848 0.994745
 1.00526 -32.8309 0.995045
 1.00556 -32.8139 0.995045
 1.00586 -32.7969 0.995345
 1.00616 -32.7799 0.995646
 1.00646 -32.7629 0.995946
 1.00676 -32.7459 0.996246
 1.00706  -32.729 0.996547
 1.00736  -32.712 0.996847
 1.00766 -32.6951 0.997147
 1.00796 -32.6781 0.997447
 1.00826 -32.6612 0.997447
 1.00856 -32.6443 0.997748
 1.00886 -32.6274 0.998048
 1.00916 -32.6105 0.998348
 1.00946 -32.5937 0.998649
 1.00976 -32.5768 0.998949
 1.01006   -32.56 0.999249
 1.01036 -32.5432  0.99955
 1.01066 -32.5263  0.99985
 1.01096 -32.5095  1.00015
 1.01126 -32.4927  1.00015
 1.01156  -32.476  1.00045
 1.01186 -32.4592  1.00075
 1.01216 -32.4424  1.00105
 1.01246 -32.4257  1.00135
 1.01276  -32.409  1.00165
 1.01306 -32.3922  1.00195
 1.01336 -32.3755  1.00225
 1.01366 -32.3588  1.00255
 1.01396 -32.3422  1.00285
 1.01426 -32.3255  1.00285
 1.01456 -32.3088  1.00315
 1.01486 -32.2922  1.00345
 1.01517 -32.2755  1.00375
 1.01547 -32.2589  1.00405
 1.01577 -32.2423  1.00435
 1.01607 -32.2257  1.00465
 1.01637 -32.2091  1.00495
 1.01667 -32.1925  1.00526
 1.01697  -32.176  1.00556
 1.01727 -32.1594  1.00556
 1.01757 -32.1429  1.00586
 1.01787 -32.1263  1.00616
 1.01817 -32.1098  1.00646
 1.01847 -32.0933  1.00676
 1.01877 -32.0768  1.00706
 1.01907 -32.0603  1.00736
 1.01937 -32.0439  1.00766
 1.01967 -32.0274  1.00796
 1.01997  -32.011  1.00796
 1.02027 -31.9945  1.00826
 1.02057 -31.9781  1.00856
 1.02087 -31.9617  1.00886
 1.02117 -31.9453  1.00916
 1.02147 -31.9289  1.00946
 1.02177 -31.9125  1.00976
 1.02207 -31.8962  1.01006
 1.02237 -31.8798  1.01036
 1.02267 -31.8635  1.01066
 1.02297 -31.8472  1.01066
 1.02327 -31.8308  1.01096
 1.02357 -31.8145  1.01126
 1.02387 -31.7982  1.01156
 1.02417  -31.782  1.01186
 1.02447 -31.7657  1.01216
 1.02477 -31.7494  1.01246
 1.02508 -31.7332  1.01276
 1.02538  -31.717  1.01306
 1.02568 -31.7007  1.01336
 1.02598 -31.6845  1.01336
 1.02628 -31.6683  1.01366
 1.02658 -31.6521  1.01396
 1.02688 -31.6359  1.01426
 1.02718 -31.6198  1.01456
 1.02748 -31.6036  1.01486
 1.02778 -31.5875  1.01517
 1.02808 -31.5714  1.01547
 1.02838 -31.5552  1.01577
 1.02868 -31.5391  1.01607
 1.02898  -31.523  1.01607
 1.02928 -31.5069  1.01637
 1.02958 -31.4909  1.01667
 1.02988 -31.4748  1.01697
 1.03018 -31.4587  1.01727
 1.03048 -31.4427  1.01757
 1.03078 -31.4267  1.01787
 1.03108 -31.4107  1.01817
 1.03138 -31.3947  1.01847
 1.03168 -31.3787  1.01847
 1.03198 -31.3627  1.01877
 1.03228 -31.3467  1.01907
 1.03258 -31.3307  1.01937
 1.03288 -31.3148  1.01967
 1.03318 -31.2989  1.01997
 1.03348 -31.2829  1.02027
 1.03378  -31.267  1.02057
 1.03408 -31.2511  1.02087
 1.03438 -31.2352  1.02117
 1.03468 -31.2193  1.02117
 1.03498 -31.2035  1.02147
 1.03529 -31.1876  1.02177
 1.03559 -31.1718  1.02207
 1.03589 -31.1559  1.02237
 1.03619 -31.1401  1.02267
 1.03649 -31.1243  1.02297
 1.03679 -31.1085  1.02327
 1.03709 -31.0927  1.02357
 1.03739 -31.0769  1.02387
 1.03769 -31.0611  1.02387
 1.03799 -31.0454  1.02417
 1.03829 -31.0296  1.02447
 1.03859 -31.0139  1.02477
 1.03889 -30.9982  1.02508
 1.03919 -30.9825  1.02538
 1.03949 -30.9668  1.02568
 1.03979 -30.9511  1.02598
 1.04009 -30.9354  1.02628
 1.04039 -30.9197  1.02658
 1.04069 -30.9041  1.02658
 1.04099 -30.8884  1.02688
 1.04129 -30.8728  1.02718
 1.04159 -30.8571  1.02748
 1.04189 -30.8415  1.02778
 1.04219 -30.8259  1.02808
 1.04249 -30.8103  1.02838
 1.04279 -30.7948  1.02868
 1.04309 -30.7792  1.02898
 1.04339 -30.7636  1.02898
 1.04369 -30.7481  1.02928
 1.04399 -30.7325  1.02958
 1.04429  -30.717  1.02988
 1.04459 -30.7015  1.03018
 1.04489  -30.686  1.03048
  1.0452 -30.6705  1.03078
  1.0455  -30.655  1.03108
  1.0458 -30.6395  1.03138
  1.0461 -30.6241  1.03168
  1.0464 -30.6086  1.03168
  1.0467 -30.5932  1.03198
   1.047 -30.5778  1.03228
  1.0473 -30.5623  1.03258
  1.0476 -30.5469  1.03288
  1.0479 -30.5315  1.03318
  1.0482 -30.5161  1.03348
  1.0485 -30.5008  1.03378
  1.0488 -30.4854  1.03408
  1.0491 -30.4701  1.03408
  1.0494 -30.4547  1.03438
  1.0497 -30.4394  1.03468
    1.05 -30.4241  1.03498
  1.0503 -30.4087  1.03529
  1.0506 -30.3934  1.03559
  1.0509 -30.3781  1.03589
  1.0512 -30.3629  1.03619
  1.0515 -30.3476  1.03649
  1.0518 -30.3323  1.03679
  1.0521 -30.3171  1.03679
  1.0524 -30.3019  1.03709
  1.0527 -30.2866  1.03739
   1.053 -30.2714  1.03769
  1.0533 -30.2562  1.03799
  1.0536  -30.241  1.03829
  1.0539 -30.2258  1.03859
  1.0542 -30.2107  1.03889
  1.0545 -30.1955  1.03919
  1.0548 -30.1804  1.03949
 1.05511 -30.1652  1.03949
 1.05541 -30.1501  1.03979
 1.05571  -30.135  1.04009
 1.05601 -30.1198  1.04039
 1.05631 -30.1047  1.04069
 1.05661 -30.0897  1.04099
 1.05691 -30.0746  1.04129
 1.05721 -30.0595  1.04159
 1.05751 -30.0445  1.04189
 1.05781 -30.0294  1.04219
 1.05811 -30.0144  1.04219
 1.05841 -29.9993  1.04249
 1.05871 -29.9843  1.04279
 1.05901 -29.9693  1.04309
 1.05931 -29.9543  1.04339
 1.05961 -29.9393  1.04369
 1.05991 -29.9244  1.04399
 1.06021 -29.9094  1.04429
 1.06051 -29.8945  1.04459
 1.06081 -29.8795  1.04489
 1.06111 -29.8646  1.04489
 1.06141 -29.8497   1.0452
 1.06171 -29.8347   1.0455
 1.06201 -29.8198   1.0458
 1.06231  -29.805   1.0461
 1.06261 -29.7901   1.0464
 1.06291 -29.7752   1.0467
 1.06321 -29.7603    1.047
 1.06351 -29.7455   1.0473
 1.06381 -29.7307   1.0473
 1.06411 -29.7158   1.0476
 1.06441  -29.701   1.0479
 1.06471 -29.6862   1.0482
 1.06502 -29.6714   1.0485
 1.06532 -29.6566   1.0488
 1.06562 -29.6418   1.0491
 1.06592 -29.6271   1.0494
 1.06622 -29.6123   1.0497
 1.06652 -29.5976     1.05
 1.06682 -29.5828     1.05
 1.06712 -29.5681   1.0503
 1.06742 -29.5534   1.0506
 1.06772 -29.5387   1.0509
 1.06802  -29.524   1.0512
 1.06832 -29.5093   1.0515
 1.06862 -29.4946   1.0518
 1.06892 -29.4799   1.0521
 1.06922 -29.4653   1.0524
 1.06952 -29.4506   1.0524
 1.06982  -29.436   1.0527
 1.07012 -29.4214    1.053
 1.07042 -29.4068   1.0533
 1.07072 -29.3921   1.0536
 1.07102 -29.3776   1.0539
 1.07132  -29.363   1.0542
 1.07162 -29.3484   1.0545
 1.07192 -29.3338   1.0548
 1.07222 -29.3193  1.05511
 1.07252 -29.3047  1.05511
 1.07282 -29.2902  1.05541
 1.07312 -29.2757  1.05571
 1.07342 -29.2611  1.05601
 1.07372 -29.2466  1.05631
 1.07402 -29.2321  1.05661
 1.07432 -29.2177  1.05691
 1.07462 -29.2032  1.05721
 1.07492 -29.1887  1.05751
 1.07523 -29.1743  1.05781
 1.07553 -29.1598  1.05781
 1.07583 -29.1454  1.05811
 1.07613 -29.1309  1.05841
 1.07643 -29.1165  1.05871
 1.07673 -29.1021  1.05901
 1.07703 -29.0877  1.05931
 1.07733 -29.0733  1.05961
 1.07763  -29.059  1.05991
 1.07793 -29.0446  1.06021
 1.07823 -29.0302  1.06051
 1.07853 -29.0159  1.06051
 1.07883 -29.0015  1.06081
 1.07913 -28.9872  1.06111
 1.07943 -28.9729  1.06141
 1.07973 -28.9586  1.06171
 1.08003 -28.9443  1.06201
 1.08033   -28.93  1.06231
 1.08063 -28.9157  1.06261
 1.08093 -28.9014  1.06291
 1.08123 -28.8872  1.06291
 1.08153 -28.8729  1.06321
 1.08183 -28.8587  1.06351
 1.08213 -28.8445  1.06381
 1.08243 -28.8302  1.06411
 1.08273  -28.816  1.06441
 1.08303 -28.8018  1.06471
 1.08333 -28.7876  1.06502
 1.08363 -28.7735  1.06532
 1.08393 -28.7593  1.06562
 1.08423 -28.7451  1.06562
 1.08453  -28.731  1.06592
 1.08483 -28.7168  1.06622
 1.08514 -28.7027  1.06652
 1.08544 -28.6886  1.06682
 1.08574 -28.6744  1.06712
 1.08604 -28.6603  1.06742
 1.08634 -28.6462  1.06772
 1.08664 -28.6322  1.06802
 1.08694 -28.6181  1.06832
 1.08724  -28.604  1.06832
 1.08754   -28.59  1.06862
 1.08784 -28.5759  1.06892
 1.08814 -28.5619  1.06922
 1.08844 -28.5478  1.06952
 1.08874 -28.5338  1.06982
 1.08904 -28.5198  1.07012
 1.08934 -28.5058  1.07042
 1.08964 -28.4918  1.07072
 1.08994 -28.4778  1.07072
 1.09024 -28.4639  1.07102
 1.09054 -28.4499  1.07132
 1.09084 -28.4359  1.07162
 1.09114  -28.422  1.07192
 1.09144 -28.4081  1.07222
 1.09174 -28.3941  1.07252
 1.09204 -28.3802  1.07282
 1.09234 -28.3663  1.07312
 1.09264 -28.3524  1.07342
 1.09294 -28.3385  1.07342
 1.09324 -28.3247  1.07372
 1.09354 -28.3108  1.07402
 1.09384 -28.2969  1.07432
 1.09414 -28.2831  1.07462
 1.09444 -28.2692  1.07492
 1.09474 -28.2554  1.07523
 1.09505 -28.2416  1.07553
 1.09535 -28.2278  1.07583
 1.09565  -28.214  1.07613
 1.09595 -28.2002  1.07613
 1.09625 -28.1864  1.07643
 1.09655 -28.1726  1.07673
 1.09685 -28.1588  1.07703
 1.09715 -28.1451  1.07733
 1.09745 -28.1313  1.07763
 1.09775 -28.1176  1.07793
 1.09805 -28.1039  1.07823
 1.09835 -28.0901  1.07853
 1.09865 -28.0764  1.07853
 1.09895 -28.0627  1.07883
 1.09925  -28.049  1.07913
 1.09955 -28.0354  1.07943
 1.09985 -28.0217  1.07973
 1.10015  -28.008  1.08003
 1.10045 -27.9944  1.08033
 1.10075 -27.9807  1.08063
 1.10105 -27.9671  1.08093
 1.10135 -27.9535  1.08123
 1.10165 -27.9398  1.08123
 1.10195 -27.9262  1.08153
 1.10225 -27.9126  1.08183
 1.10255  -27.899  1.08213
 1.10285 -27.8854  1.08243
 1.10315 -27.8719  1.08273
 1.10345 -27.8583  1.08303
 1.10375 -27.8448  1.08333
 1.10405 -27.8312  1.08363
 1.10435 -27.8177  1.08393
 1.10465 -27.8042  1.08393
 1.10495 -27.7906  1.08423
 1.10526 -27.7771  1.08453
 1.10556 -27.7636  1.08483
 1.10586 -27.7501  1.08514
 1.10616 -27.7366  1.08544
 1.10646 -27.7232  1.08574
 1.10676 -27.7097  1.08604
 1.10706 -27.6963  1.08634
 1.10736 -27.6828  1.08664
 1.10766 -27.6694  1.08664
 1.10796 -27.6559  1.08694
 1.10826 -27.6425  1.08724
 1.10856 -27.6291  1.08754
 1.10886 -27.6157  1.08784
 1.10916 -27.6023  1.08814
 1.10946 -27.5889  1.08844
 1.10976 -27.5756  1.08874
 1.11006 -27.5622  1.08904
 1.11036 -27.5488  1.08904
 1.11066 -27.5355  1.08934
 1.11096 -27.5221  1.08964
 1.11126 -27.5088  1.08994
 1.11156 -27.4955  1.09024
 1.11186 -27.4822  1.09054
 1.11216 -27.4689  1.09084
 1.11246 -27.4556  1.09114
 1.11276 -27.4423  1.09144
 1.11306  -27.429  1.09174
 1.11336 -27.4158  1.09174
 1.11366 -27.4025  1.09204
 1.11396 -27.3892  1.09234
 1.11426  -27.376  1.09264
 1.11456 -27.3628  1.09294
 1.11486 -27.3495  1.09324
 1.11517 -27.3363  1.09354
 1.11547 -27.3231  1.09384
 1.11577 -27.3099  1.09414
 1.11607 -27.2967  1.09414
 1.11637 -27.2836  1.09444
 1.11667 -27.2704  1.09474
 1.11697 -27.2572  1.09505
 1.11727 -27.2441  1.09535
 1.11757 -27.2309  1.09565
 1.11787 -27.2178  1.09595
 1.11817 -27.2047  1.09625
 1.11847 -27.1915  1.09655
 1.11877 -27.1784  1.09685
 1.11907 -27.1653  1.09685
 1.11937 -27.1522  1.09715
 1.11967 -27.1392  1.09745
 1.11997 -27.1261  1.09775
 1.12027  -27.113  1.09805
 1.12057    -27.1  1.09835
 1.12087 -27.0869  1.09865
 1.12117 -27.0739  1.09895
 1.12147 -27.0608  1.09925
 1.12177 -27.0478  1.09955
 1.12207 -27.0348  1.09955
 1.12237 -27.0218  1.09985
 1.12267 -27.0088  1.10015
 1.12297 -26.9958  1.10045
 1.12327 -26.9828  1.10075
 1.12357 -26.9699  1.10105
 1.12387 -26.9569  1.10135
 1.12417 -26.9439  1.10165
 1.12447  -26.931  1.10195
 1.12477 -26.9181  1.10195
 1.12508 -26.9051  1.10225
 1.12538 -26.8922  1.10255
 1.12568 -26.8793  1.10285
 1.12598 -26.8664  1.10315
 1.12628 -26.8535  1.10345
 1.12658 -26.8406  1.10375
 1.12688 -26.8277  1.10405
 1.12718 -26.8149  1.10435
 1.12748  -26.802  1.10465
 1.12778 -26.7891  1.10465
 1.12808 -26.7763  1.10495
 1.12838 -26.7635  1.10526
 1.12868 -26.7506  1.10556
 1.12898 -26.7378  1.10586
 1.12928  -26.725  1.10616
 1.12958 -26.7122  1.10646
 1.12988 -26.6994  1.10676
 1.13018 -26.6866  1.10706
 1.13048 -26.6739  1.10736
 1.13078 -26.6611  1.10736
 1.13108 -26.6483  1.10766
 1.13138 -26.6356  1.10796
 1.13168 -26.6228  1.10826
 1.13198 -26.6101  1.10856
 1.13228 -26.5974  1.10886
 1.13258 -26.5847  1.10916
 1.13288 -26.5719  1.10946
 1.13318 -26.5592  1.10976
 1.13348 -26.5466  1.10976
 1.13378 -26.5339  1.11006
 1.13408 -26.5212  1.11036
 1.13438 -26.5085  1.11066
 1.13468 -26.4959  1.11096
 1.13498 -26.4832  1.11126
 1.13529 -26.4706  1.11156
 1.13559 -26.4579  1.11186
 1.13589 -26.4453  1.11216
 1.13619 -26.4327  1.11246
 1.13649 -26.4201  1.11246
 1.13679 -26.4075  1.11276
 1.13709 -26.3949  1.11306
 1.13739 -26.3823  1.11336
 1.13769 -26.3697  1.11366
 1.13799 -26.3572  1.11396
 1.13829 -26.3446  1.11426
 1.13859 -26.3321  1.11456
 1.13889 -26.3195  1.11486
 1.13919  -26.307  1.11486
 1.13949 -26.2944  1.11517
 1.13979 -26.2819  1.11547
 1.14009 -26.2694  1.11577
 1.14039 -26.2569  1.11607
 1.14069 -26.2444  1.11637
 1.14099 -26.2319  1.11667
 1.14129 -26.2195  1.11697
 1.14159  -26.207  1.11727
 1.14189 -26.1945  1.11757
 1.14219 -26.1821  1.11757
 1.14249 -26.1696  1.11787
 1.14279 -26.1572  1.11817
 1.14309 -26.1448  1.11847
 1.14339 -26.1323  1.11877
 1.14369 -26.1199  1.11907
 1.14399 -26.1075  1.11937
 1.14429 -26.0951  1.11967
 1.14459 -26.0827  1.11997
 1.14489 -26.0704  1.12027
  1.1452  -26.058  1.12027
  1.1455 -26.0456  1.12057
  1.1458 -26.0333  1.12087
  1.1461 -26.0209  1.12117
  1.1464 -26.0086  1.12147
  1.1467 -25.9962  1.12177
   1.147 -25.9839  1.12207
  1.1473 -25.9716  1.12237
  1.1476 -25.9593  1.12267
  1.1479  -25.947  1.12267
  1.1482 -25.9347  1.12297
  1.1485 -25.9224  1.12327
  1.1488 -25.9101  1.12357
  1.1491 -25.8979  1.12387
  1.1494 -25.8856  1.12417
  1.1497 -25.8734  1.12447
    1.15 -25.8611  1.12477