 kgrid  ValNew  Policy 
    0.85 -20.9588 0.856607
  0.8503 -20.9331 0.856907
0.850601 -20.9073 0.856907
0.850901 -20.8816 0.857207
0.851201  -20.856 0.857207
0.851502 -20.8304 0.857508
0.851802 -20.8048 0.857808
0.852102 -20.7793 0.857808
0.852402 -20.7539 0.858108
0.852703 -20.7285 0.858108
0.853003 -20.7031 0.858408
0.853303 -20.6778 0.858709
0.853604 -20.6526 0.858709
0.853904 -20.6273 0.859009
0.854204 -20.6022 0.859009
0.854505 -20.5771 0.859309
0.854805  -20.552  0.85961
0.855105  -20.527  0.85961
0.855405  -20.502  0.85991
0.855706 -20.4771  0.85991
0.856006 -20.4522  0.86021
0.856306 -20.4274 0.860511
0.856607 -20.4026 0.860511
0.856907 -20.3779 0.860811
0.857207 -20.3532 0.860811
0.857508 -20.3285 0.861111
0.857808  -20.304 0.861411
0.858108 -20.2794 0.861411
0.858408 -20.2549 0.861712
0.858709 -20.2304 0.861712
0.859009  -20.206 0.862012
0.859309 -20.1817 0.862312
 0.85961 -20.1573 0.862312
 0.85991 -20.1331 0.862613
 0.86021 -20.1089 0.862613
0.860511 -20.0847 0.862913
0.860811 -20.0605 0.863213
0.861111 -20.0364 0.863213
0.861411 -20.0124 0.863514
0.861712 -19.9884 0.863814
0.862012 -19.9644 0.863814
0.862312 -19.9404 0.864114
0.862613 -19.9166 0.864114
0.862913 -19.8927 0.864414
0.863213 -19.8689 0.864715
0.863514 -19.8451 0.864715
0.863814 -19.8214 0.865015
0.864114 -19.7977 0.865315
0.864414 -19.7741 0.865315
0.864715 -19.7505 0.865616
0.865015 -19.7269 0.865916
0.865315 -19.7034 0.865916
0.865616 -19.6799 0.866216
0.865916 -19.6565 0.866216
0.866216 -19.6331 0.866517
0.866517 -19.6097 0.866817
0.866817 -19.5864 0.866817
0.867117 -19.5631 0.867117
0.867417 -19.5399 0.867417
0.867718 -19.5167 0.867417
0.868018 -19.4935 0.867718
0.868318 -19.4704 0.868018
0.868619 -19.4473 0.868018
0.868919 -19.4243 0.868318
0.869219 -19.4013 0.868318
 0.86952 -19.3783 0.868619
 0.86982 -19.3554 0.868919
 0.87012 -19.3325 0.868919
 0.87042 -19.3097 0.869219
0.870721 -19.2869  0.86952
0.871021 -19.2641  0.86952
0.871321 -19.2414  0.86982
0.871622 -19.2187  0.87012
0.871922 -19.1961  0.87012
0.872222 -19.1735  0.87042
0.872523 -19.1509 0.870721
0.872823 -19.1284 0.870721
0.873123 -19.1059 0.871021
0.873423 -19.0834 0.871021
0.873724  -19.061 0.871321
0.874024 -19.0386 0.871622
0.874324 -19.0163 0.871622
0.874625  -18.994 0.871922
0.874925 -18.9717 0.872222
0.875225 -18.9495 0.872222
0.875526 -18.9273 0.872523
0.875826 -18.9052 0.872823
0.876126 -18.8831 0.872823
0.876426  -18.861 0.873123
0.876727  -18.839 0.873423
0.877027 -18.8169 0.873423
0.877327  -18.795 0.873724
0.877628 -18.7731 0.873724
0.877928 -18.7512 0.874024
0.878228 -18.7293 0.874324
0.878529 -18.7075 0.874324
0.878829 -18.6857 0.874625
0.879129  -18.664 0.874925
0.879429 -18.6423 0.874925
 0.87973 -18.6206 0.875225
 0.88003  -18.599 0.875526
 0.88033 -18.5774 0.875526
0.880631 -18.5558 0.875826
0.880931 -18.5343 0.875826
0.881231 -18.5128 0.876126
0.881532 -18.4914 0.876426
0.881832   -18.47 0.876426
0.882132 -18.4486 0.876727
0.882432 -18.4272 0.877027
0.882733 -18.4059 0.877027
0.883033 -18.3847 0.877327
0.883333 -18.3634 0.877628
0.883634 -18.3422 0.877628
0.883934 -18.3211 0.877928
0.884234    -18.3 0.878228
0.884535 -18.2789 0.878228
0.884835 -18.2578 0.878529
0.885135 -18.2368 0.878529
0.885435 -18.2158 0.878829
0.885736 -18.1948 0.879129
0.886036 -18.1739 0.879129
0.886336  -18.153 0.879429
0.886637 -18.1322  0.87973
0.886937 -18.1114  0.87973
0.887237 -18.0906  0.88003
0.887538 -18.0699  0.88033
0.887838 -18.0492  0.88033
0.888138 -18.0285 0.880631
0.888438 -18.0079 0.880931
0.888739 -17.9872 0.880931
0.889039 -17.9667 0.881231
0.889339 -17.9461 0.881231
 0.88964 -17.9256 0.881532
 0.88994 -17.9052 0.881832
 0.89024 -17.8847 0.881832
0.890541 -17.8643 0.882132
0.890841  -17.844 0.882432
0.891141 -17.8236 0.882432
0.891441 -17.8033 0.882733
0.891742  -17.783 0.883033
0.892042 -17.7628 0.883333
0.892342 -17.7426 0.883333
0.892643 -17.7224 0.883634
0.892943 -17.7022 0.883934
0.893243 -17.6821 0.883934
0.893544 -17.6619 0.884234
0.893844 -17.6419 0.884535
0.894144 -17.6218 0.884835
0.894444 -17.6018 0.884835
0.894745 -17.5818 0.885135
0.895045 -17.5619 0.885435
0.895345 -17.5419 0.885435
0.895646  -17.522 0.885736
0.895946 -17.5022 0.886036
0.896246 -17.4823 0.886036
0.896547 -17.4625 0.886336
0.896847 -17.4427 0.886637
0.897147  -17.423 0.886637
0.897447 -17.4032 0.886937
0.897748 -17.3835 0.887237
0.898048 -17.3639 0.887538
0.898348 -17.3442 0.887538
0.898649 -17.3246 0.887838
0.898949  -17.305 0.888138
0.899249 -17.2855 0.888138
 0.89955  -17.266 0.888438
 0.89985 -17.2465 0.888739
 0.90015  -17.227 0.888739
 0.90045 -17.2075 0.889039
0.900751 -17.1881 0.889339
0.901051 -17.1688  0.88964
0.901351 -17.1494  0.88964
0.901652 -17.1301  0.88994
0.901952 -17.1108  0.89024
0.902252 -17.0915  0.89024
0.902553 -17.0722 0.890541
0.902853  -17.053 0.890841
0.903153 -17.0339 0.890841
0.903453 -17.0147 0.891141
0.903754 -16.9956 0.891441
0.904054 -16.9765 0.891742
0.904354 -16.9574 0.891742
0.904655 -16.9383 0.892042
0.904955 -16.9193 0.892342
0.905255 -16.9003 0.892342
0.905556 -16.8813 0.892643
0.905856 -16.8624 0.892943
0.906156 -16.8435 0.892943
0.906456 -16.8246 0.893243
0.906757 -16.8057 0.893544
0.907057 -16.7869 0.893544
0.907357 -16.7681 0.893844
0.907658 -16.7493 0.894144
0.907958 -16.7306 0.894444
0.908258 -16.7119 0.894444
0.908559 -16.6932 0.894745
0.908859 -16.6745 0.895045
0.909159 -16.6559 0.895045
0.909459 -16.6372 0.895345
 0.90976 -16.6187 0.895646
 0.91006 -16.6001 0.895646
 0.91036 -16.5816 0.895946
0.910661  -16.563 0.896246
0.910961 -16.5446 0.896547
0.911261 -16.5261 0.896547
0.911562 -16.5077 0.896847
0.911862 -16.4893 0.897147
0.912162 -16.4709 0.897147
0.912462 -16.4526 0.897447
0.912763 -16.4342 0.897748
0.913063 -16.4159 0.897748
0.913363 -16.3977 0.898048
0.913664 -16.3794 0.898348
0.913964 -16.3612 0.898649
0.914264  -16.343 0.898649
0.914565 -16.3249 0.898949
0.914865 -16.3067 0.899249
0.915165 -16.2886 0.899249
0.915465 -16.2705  0.89955
0.915766 -16.2525  0.89985
0.916066 -16.2344  0.89985
0.916366 -16.2164  0.90015
0.916667 -16.1984  0.90045
0.916967 -16.1805  0.90045
0.917267 -16.1625 0.900751
0.917568 -16.1446 0.901051
0.917868 -16.1268 0.901351
0.918168 -16.1089 0.901351
0.918468 -16.0911 0.901652
0.918769 -16.0733 0.901952
0.919069 -16.0555 0.901952
0.919369 -16.0377 0.902252
 0.91967   -16.02 0.902553
 0.91997 -16.0023 0.902553
 0.92027 -15.9846 0.902853
0.920571  -15.967 0.903153
0.920871 -15.9493 0.903453
0.921171 -15.9317 0.903453
0.921471 -15.9141 0.903754
0.921772 -15.8966 0.904054
0.922072 -15.8791 0.904054
0.922372 -15.8616 0.904354
0.922673 -15.8441 0.904655
0.922973 -15.8266 0.904655
0.923273 -15.8092 0.904955
0.923574 -15.7918 0.905255
0.923874 -15.7744 0.905556
0.924174 -15.7571 0.905556
0.924474 -15.7397 0.905856
0.924775 -15.7224 0.906156
0.925075 -15.7051 0.906156
0.925375 -15.6879 0.906456
0.925676 -15.6706 0.906757
0.925976 -15.6534 0.906757
0.926276 -15.6363 0.907057
0.926577 -15.6191 0.907357
0.926877  -15.602 0.907357
0.927177 -15.5848 0.907658
0.927477 -15.5678 0.907958
0.927778 -15.5507 0.908258
0.928078 -15.5337 0.908258
0.928378 -15.5166 0.908559
0.928679 -15.4997 0.908859
0.928979 -15.4827 0.908859
0.929279 -15.4657 0.909159
 0.92958 -15.4488 0.909459
 0.92988 -15.4319 0.909459
 0.93018 -15.4151  0.90976
 0.93048 -15.3982  0.91006
0.930781 -15.3814  0.91036
0.931081 -15.3646  0.91036
0.931381 -15.3478 0.910661
0.931682 -15.3311 0.910961
0.931982 -15.3143 0.910961
0.932282 -15.2976 0.911261
0.932583 -15.2809 0.911562
0.932883 -15.2643 0.911562
0.933183 -15.2476 0.911862
0.933483  -15.231 0.912162
0.933784 -15.2144 0.912162
0.934084 -15.1979 0.912462
0.934384 -15.1813 0.912763
0.934685 -15.1648 0.913063
0.934985 -15.1483 0.913063
0.935285 -15.1318 0.913363
0.935586 -15.1154 0.913664
0.935886  -15.099 0.913664
0.936186 -15.0826 0.913964
0.936486 -15.0662 0.914264
0.936787 -15.0498 0.914264
0.937087 -15.0335 0.914565
0.937387 -15.0172 0.914865
0.937688 -15.0009 0.915165
0.937988 -14.9846 0.915165
0.938288 -14.9684 0.915465
0.938589 -14.9522 0.915766
0.938889  -14.936 0.915766
0.939189 -14.9198 0.916066
0.939489 -14.9036 0.916366
 0.93979 -14.8875 0.916366
 0.94009 -14.8714 0.916667
 0.94039 -14.8553 0.916967
0.940691 -14.8392 0.916967
0.940991 -14.8232 0.917267
0.941291 -14.8072 0.917568
0.941592 -14.7912 0.917868
0.941892 -14.7752 0.917868
0.942192 -14.7592 0.918168
0.942492 -14.7433 0.918468
0.942793 -14.7274 0.918468
0.943093 -14.7115 0.918769
0.943393 -14.6957 0.919069
0.943694 -14.6798 0.919069
0.943994  -14.664 0.919369
0.944294 -14.6482  0.91967
0.944595 -14.6324  0.91997
0.944895 -14.6167  0.91997
0.945195 -14.6009  0.92027
0.945495 -14.5852 0.920571
0.945796 -14.5695 0.920571
0.946096 -14.5539 0.920871
0.946396 -14.5382 0.921171
0.946697 -14.5226 0.921471
0.946997  -14.507 0.921471
0.947297 -14.4914 0.921772
0.947598 -14.4759 0.922072
0.947898 -14.4603 0.922072
0.948198 -14.4448 0.922372
0.948498 -14.4293 0.922673
0.948799 -14.4138 0.922673
0.949099 -14.3984 0.922973
0.949399  -14.383 0.923273
  0.9497 -14.3675 0.923273
    0.95 -14.3522 0.923574
  0.9503 -14.3368 0.923874
0.950601 -14.3214 0.923874
0.950901 -14.3061 0.924174
0.951201 -14.2908 0.924474
0.951502 -14.2755 0.924775
0.951802 -14.2603 0.924775
0.952102  -14.245 0.925075
0.952402 -14.2298 0.925375
0.952703 -14.2146 0.925375
0.953003 -14.1994 0.925676
0.953303 -14.1843 0.925976
0.953604 -14.1691 0.925976
0.953904  -14.154 0.926276
0.954204 -14.1389 0.926577
0.954505 -14.1239 0.926577
0.954805 -14.1088 0.926877
0.955105 -14.0938 0.927177
0.955405 -14.0788 0.927177
0.955706 -14.0638 0.927477
0.956006 -14.0488 0.927778
0.956306 -14.0339 0.928078
0.956607 -14.0189 0.928078
0.956907  -14.004 0.928378
0.957207 -13.9891 0.928679
0.957508 -13.9743 0.928979
0.957808 -13.9594 0.928979
0.958108 -13.9446 0.929279
0.958408 -13.9298  0.92958
0.958709  -13.915  0.92958
0.959009 -13.9002  0.92988
0.959309 -13.8855  0.93018
 0.95961 -13.8707  0.93018
 0.95991  -13.856  0.93048
 0.96021 -13.8414 0.930781
0.960511 -13.8267 0.930781
0.960811  -13.812 0.931081
0.961111 -13.7974 0.931381
0.961411 -13.7828 0.931381
0.961712 -13.7682 0.931682
0.962012 -13.7537 0.931982
0.962312 -13.7391 0.932282
0.962613 -13.7246 0.932282
0.962913 -13.7101 0.932583
0.963213 -13.6956 0.932883
0.963514 -13.6811 0.932883
0.963814 -13.6667 0.933183
0.964114 -13.6522 0.933483
0.964414 -13.6378 0.933483
0.964715 -13.6234 0.933784
0.965015 -13.6091 0.934084
0.965315 -13.5947 0.934084
0.965616 -13.5804 0.934384
0.965916 -13.5661 0.934685
0.966216 -13.5518 0.934985
0.966517 -13.5375 0.934985
0.966817 -13.5233 0.935285
0.967117  -13.509 0.935586
0.967417 -13.4948 0.935886
0.967718 -13.4806 0.935886
0.968018 -13.4665 0.936186
0.968318 -13.4523 0.936486
0.968619 -13.4381 0.936486
0.968919  -13.424 0.936787
0.969219 -13.4099 0.937087
 0.96952 -13.3959 0.937087
 0.96982 -13.3818 0.937387
 0.97012 -13.3678 0.937688
 0.97042 -13.3537 0.937688
0.970721 -13.3397 0.937988
0.971021 -13.3257 0.938288
0.971321 -13.3118 0.938288
0.971622 -13.2978 0.938589
0.971922 -13.2839 0.938889
0.972222   -13.27 0.939189
0.972523 -13.2561 0.939189
0.972823 -13.2422 0.939489
0.973123 -13.2284  0.93979
0.973423 -13.2145  0.93979
0.973724 -13.2007  0.94009
0.974024 -13.1869  0.94039
0.974324 -13.1731  0.94039
0.974625 -13.1594 0.940691
0.974925 -13.1456 0.940991
0.975225 -13.1319 0.940991
0.975526 -13.1182 0.941291
0.975826 -13.1045 0.941592
0.976126 -13.0908 0.941592
0.976426 -13.0772 0.941892
0.976727 -13.0636 0.942192
0.977027 -13.0499 0.942492
0.977327 -13.0364 0.942492
0.977628 -13.0228 0.942793
0.977928 -13.0092 0.943093
0.978228 -12.9957 0.943093
0.978529 -12.9821 0.943393
0.978829 -12.9686 0.943694
0.979129 -12.9552 0.943994
0.979429 -12.9417 0.943994
 0.97973 -12.9282 0.944294
 0.98003 -12.9148 0.944595
 0.98033 -12.9014 0.944595
0.980631  -12.888 0.944895
0.980931 -12.8746 0.945195
0.981231 -12.8612 0.945195
0.981532 -12.8479 0.945495
0.981832 -12.8346 0.945796
0.982132 -12.8213 0.945796
0.982432  -12.808 0.946096
0.982733 -12.7947 0.946396
0.983033 -12.7815 0.946697
0.983333 -12.7682 0.946697
0.983634  -12.755 0.946997
0.983934 -12.7418 0.947297
0.984234 -12.7286 0.947297
0.984535 -12.7154 0.947598
0.984835 -12.7023 0.947898
0.985135 -12.6892 0.947898
0.985435  -12.676 0.948198
0.985736  -12.663 0.948498
0.986036 -12.6499 0.948498
0.986336 -12.6368 0.948799
0.986637 -12.6238 0.949099
0.986937 -12.6107 0.949399
0.987237 -12.5977 0.949399
0.987538 -12.5847   0.9497
0.987838 -12.5718     0.95
0.988138 -12.5588     0.95
0.988438 -12.5459   0.9503
0.988739 -12.5329 0.950601
0.989039   -12.52 0.950601
0.989339 -12.5071 0.950901
 0.98964 -12.4943 0.951201
 0.98994 -12.4814 0.951502
 0.99024 -12.4686 0.951502
0.990541 -12.4558 0.951802
0.990841  -12.443 0.952102
0.991141 -12.4302 0.952102
0.991441 -12.4174 0.952402
0.991742 -12.4046 0.952703
0.992042 -12.3919 0.952703
0.992342 -12.3792 0.953003
0.992643 -12.3665 0.953303
0.992943 -12.3538 0.953303
0.993243 -12.3411 0.953604
0.993544 -12.3285 0.953904
0.993844 -12.3158 0.953904
0.994144 -12.3032 0.954204
0.994444 -12.2906 0.954505
0.994745  -12.278 0.954805
0.995045 -12.2655 0.954805
0.995345 -12.2529 0.955105
0.995646 -12.2404 0.955405
0.995946 -12.2278 0.955405
0.996246 -12.2153 0.955706
0.996547 -12.2029 0.956006
0.996847 -12.1904 0.956006
0.997147 -12.1779 0.956306
0.997447 -12.1655 0.956607
0.997748 -12.1531 0.956907
0.998048 -12.1407 0.956907
0.998348 -12.1283 0.957207
0.998649 -12.1159 0.957508
0.998949 -12.1035 0.957508
0.999249 -12.0912 0.957808
 0.99955 -12.0789 0.958108
 0.99985 -12.0666 0.958108
 1.00015 -12.0543 0.958408
 1.00045  -12.042 0.958709
 1.00075 -12.0297 0.958709
 1.00105 -12.0175 0.959009
 1.00135 -12.0053 0.959309
 1.00165 -11.9931  0.95961
 1.00195 -11.9809  0.95961
 1.00225 -11.9687  0.95991
 1.00255 -11.9565  0.96021
 1.00285 -11.9444  0.96021
 1.00315 -11.9322 0.960511
 1.00345 -11.9201 0.960811
 1.00375  -11.908 0.960811
 1.00405 -11.8959 0.961111
 1.00435 -11.8839 0.961411
 1.00465 -11.8718 0.961411
 1.00495 -11.8598 0.961712
 1.00526 -11.8477 0.962012
 1.00556 -11.8357 0.962312
 1.00586 -11.8238 0.962312
 1.00616 -11.8118 0.962613
 1.00646 -11.7998 0.962913
 1.00676 -11.7879 0.962913
 1.00706 -11.7759 0.963213
 1.00736  -11.764 0.963514
 1.00766 -11.7521 0.963514
 1.00796 -11.7403 0.963814
 1.00826 -11.7284 0.964114
 1.00856 -11.7165 0.964414
 1.00886 -11.7047 0.964414
 1.00916 -11.6929 0.964715
 1.00946 -11.6811 0.965015
 1.00976 -11.6693 0.965015
 1.01006 -11.6575 0.965315
 1.01036 -11.6458 0.965616
 1.01066  -11.634 0.965616
 1.01096 -11.6223 0.965916
 1.01126 -11.6106 0.966216
 1.01156 -11.5989 0.966216
 1.01186 -11.5872 0.966517
 1.01216 -11.5755 0.966817
 1.01246 -11.5639 0.967117
 1.01276 -11.5522 0.967117
 1.01306 -11.5406 0.967417
 1.01336  -11.529 0.967718
 1.01366 -11.5174 0.967718
 1.01396 -11.5058 0.968018
 1.01426 -11.4943 0.968318
 1.01456 -11.4827 0.968318
 1.01486 -11.4712 0.968619
 1.01517 -11.4597 0.968919
 1.01547 -11.4482 0.968919
 1.01577 -11.4367 0.969219
 1.01607 -11.4252  0.96952
 1.01637 -11.4138  0.96982
 1.01667 -11.4023  0.96982
 1.01697 -11.3909  0.97012
 1.01727 -11.3795  0.97042
 1.01757 -11.3681  0.97042
 1.01787 -11.3567 0.970721
 1.01817 -11.3453 0.971021
 1.01847  -11.334 0.971021
 1.01877 -11.3226 0.971321
 1.01907 -11.3113 0.971622
 1.01937    -11.3 0.971622
 1.01967 -11.2887 0.971922
 1.01997 -11.2774 0.972222
 1.02027 -11.2661 0.972523
 1.02057 -11.2549 0.972523
 1.02087 -11.2436 0.972823
 1.02117 -11.2324 0.973123
 1.02147 -11.2212 0.973123
 1.02177   -11.21 0.973423
 1.02207 -11.1988 0.973724
 1.02237 -11.1877 0.973724
 1.02267 -11.1765 0.974024
 1.02297 -11.1654 0.974324
 1.02327 -11.1543 0.974324
 1.02357 -11.1431 0.974625
 1.02387  -11.132 0.974925
 1.02417  -11.121 0.975225
 1.02447 -11.1099 0.975225
 1.02477 -11.0988 0.975526
 1.02508 -11.0878 0.975826
 1.02538 -11.0768 0.975826
 1.02568 -11.0658 0.976126
 1.02598 -11.0548 0.976426
 1.02628 -11.0438 0.976426
 1.02658 -11.0328 0.976727
 1.02688 -11.0219 0.977027
 1.02718 -11.0109 0.977327
 1.02748      -11 0.977327
 1.02778 -10.9891 0.977628
 1.02808 -10.9782 0.977928
 1.02838 -10.9673 0.977928
 1.02868 -10.9564 0.978228
 1.02898 -10.9456 0.978529
 1.02928 -10.9347 0.978529
 1.02958 -10.9239 0.978829
 1.02988 -10.9131 0.979129
 1.03018 -10.9023 0.979129
 1.03048 -10.8915 0.979429
 1.03078 -10.8807  0.97973
 1.03108   -10.87  0.98003
 1.03138 -10.8592  0.98003
 1.03168 -10.8485  0.98033
 1.03198 -10.8378 0.980631
 1.03228 -10.8271 0.980631
 1.03258 -10.8164 0.980931
 1.03288 -10.8057 0.981231
 1.03318  -10.795 0.981231
 1.03348 -10.7844 0.981532
 1.03378 -10.7737 0.981832
 1.03408 -10.7631 0.981832
 1.03438 -10.7525 0.982132
 1.03468 -10.7419 0.982432
 1.03498 -10.7313 0.982432
 1.03529 -10.7207 0.982733
 1.03559 -10.7102 0.983033
 1.03589 -10.6996 0.983333
 1.03619 -10.6891 0.983333
 1.03649 -10.6786 0.983634
 1.03679 -10.6681 0.983934
 1.03709 -10.6576 0.983934
 1.03739 -10.6471 0.984234
 1.03769 -10.6366 0.984535
 1.03799 -10.6262 0.984535
 1.03829 -10.6158 0.984835
 1.03859 -10.6053 0.985135
 1.03889 -10.5949 0.985435
 1.03919 -10.5845 0.985435
 1.03949 -10.5741 0.985736
 1.03979 -10.5638 0.986036
 1.04009 -10.5534 0.986036
 1.04039 -10.5431 0.986336
 1.04069 -10.5327 0.986637
 1.04099 -10.5224 0.986637
 1.04129 -10.5121 0.986937
 1.04159 -10.5018 0.987237
 1.04189 -10.4915 0.987237
 1.04219 -10.4813 0.987538
 1.04249  -10.471 0.987838
 1.04279 -10.4608 0.988138
 1.04309 -10.4505 0.988138
 1.04339 -10.4403 0.988438
 1.04369 -10.4301 0.988739
 1.04399 -10.4199 0.988739
 1.04429 -10.4097 0.989039
 1.04459 -10.3996 0.989339
 1.04489 -10.3894 0.989339
  1.0452 -10.3793  0.98964
  1.0455 -10.3692  0.98994
  1.0458  -10.359  0.98994
  1.0461 -10.3489  0.99024
  1.0464 -10.3388 0.990541
  1.0467 -10.3288 0.990841
   1.047 -10.3187 0.990841
  1.0473 -10.3087 0.991141
  1.0476 -10.2986 0.991441
  1.0479 -10.2886 0.991441
  1.0482 -10.2786 0.991742
  1.0485 -10.2686 0.992042
  1.0488 -10.2586 0.992042
  1.0491 -10.2486 0.992342
  1.0494 -10.2386 0.992643
  1.0497 -10.2287 0.992643
    1.05 -10.2188 0.992943
  1.0503 -10.2088 0.993243
  1.0506 -10.1989 0.993544
  1.0509  -10.189 0.993544
  1.0512 -10.1791 0.993844
  1.0515 -10.1692 0.994144
  1.0518 -10.1594 0.994144
  1.0521 -10.1495 0.994444
  1.0524 -10.1397 0.994745
  1.0527 -10.1299 0.994745
   1.053   -10.12 0.995045
  1.0533 -10.1102 0.995345
  1.0536 -10.1005 0.995345
  1.0539 -10.0907 0.995646
  1.0542 -10.0809 0.995946
  1.0545 -10.0712 0.995946
  1.0548 -10.0614 0.996246
 1.05511 -10.0517 0.996547
 1.05541  -10.042 0.996847
 1.05571 -10.0323 0.996847
 1.05601 -10.0226 0.997147
 1.05631 -10.0129 0.997447
 1.05661 -10.0032 0.997447
 1.05691 -9.99355 0.997748
 1.05721  -9.9839 0.998048
 1.05751 -9.97427 0.998048
 1.05781 -9.96465 0.998348
 1.05811 -9.95504 0.998649
 1.05841 -9.94544 0.998949
 1.05871 -9.93585 0.998949
 1.05901 -9.92628 0.999249
 1.05931 -9.91672  0.99955
 1.05961 -9.90716  0.99955
 1.05991 -9.89762  0.99985
 1.06021  -9.8881  1.00015
 1.06051 -9.87858  1.00015
 1.06081 -9.86908  1.00045
 1.06111 -9.85959  1.00075
 1.06141 -9.85011  1.00075
 1.06171 -9.84064  1.00105
 1.06201 -9.83118  1.00135
 1.06231 -9.82174  1.00165
 1.06261  -9.8123  1.00165
 1.06291 -9.80288  1.00195
 1.06321 -9.79347  1.00225
 1.06351 -9.78407  1.00225
 1.06381 -9.77468  1.00255
 1.06411 -9.76531  1.00285
 1.06441 -9.75595  1.00285
 1.06471 -9.74659  1.00315
 1.06502 -9.73725  1.00345
 1.06532 -9.72793  1.00345
 1.06562 -9.71861  1.00375
 1.06592  -9.7093  1.00405
 1.06622 -9.70001  1.00405
 1.06652 -9.69072  1.00435
 1.06682 -9.68145  1.00465
 1.06712 -9.67219  1.00495
 1.06742 -9.66294  1.00495
 1.06772  -9.6537  1.00526
 1.06802 -9.64448  1.00556
 1.06832 -9.63526  1.00556
 1.06862 -9.62605  1.00586
 1.06892 -9.61686  1.00616
 1.06922 -9.60768  1.00616
 1.06952 -9.59851  1.00646
 1.06982 -9.58935  1.00676
 1.07012 -9.58021  1.00676
 1.07042 -9.57107  1.00706
 1.07072 -9.56194  1.00736
 1.07102 -9.55283  1.00766
 1.07132 -9.54373  1.00766
 1.07162 -9.53463  1.00796
 1.07192 -9.52556  1.00826
 1.07222 -9.51649  1.00826
 1.07252 -9.50743  1.00856
 1.07282 -9.49838  1.00886
 1.07312 -9.48935  1.00886
 1.07342 -9.48032  1.00916
 1.07372  -9.4713  1.00946
 1.07402 -9.46231  1.00946
 1.07432 -9.45331  1.00976
 1.07462 -9.44433  1.01006
 1.07492 -9.43536  1.01036
 1.07523  -9.4264  1.01036
 1.07553 -9.41745  1.01066
 1.07583 -9.40852  1.01096
 1.07613 -9.39959  1.01096
 1.07643 -9.39067  1.01126
 1.07673 -9.38177  1.01156
 1.07703 -9.37288  1.01156
 1.07733 -9.36399  1.01186
 1.07763 -9.35512  1.01216
 1.07793 -9.34626  1.01216
 1.07823 -9.33741  1.01246
 1.07853 -9.32857  1.01276
 1.07883 -9.31974  1.01306
 1.07913 -9.31092  1.01306
 1.07943 -9.30211  1.01336
 1.07973 -9.29332  1.01366
 1.08003 -9.28453  1.01366
 1.08033 -9.27575  1.01396
 1.08063 -9.26699  1.01426
 1.08093 -9.25824  1.01426
 1.08123 -9.24949  1.01456
 1.08153 -9.24076  1.01486
 1.08183 -9.23204  1.01486
 1.08213 -9.22332  1.01517
 1.08243 -9.21462  1.01547
 1.08273 -9.20593  1.01577
 1.08303 -9.19725  1.01577
 1.08333 -9.18858  1.01607
 1.08363 -9.17992  1.01637
 1.08393 -9.17127  1.01637
 1.08423 -9.16263  1.01667
 1.08453 -9.15401  1.01697
 1.08483 -9.14539  1.01697
 1.08514 -9.13678  1.01727
 1.08544 -9.12819  1.01757
 1.08574  -9.1196  1.01757
 1.08604 -9.11102  1.01787
 1.08634 -9.10246  1.01817
 1.08664 -9.09391  1.01817
 1.08694 -9.08536  1.01847
 1.08724 -9.07682  1.01877
 1.08754  -9.0683  1.01907
 1.08784 -9.05979  1.01907
 1.08814 -9.05128  1.01937
 1.08844 -9.04279  1.01967
 1.08874 -9.03431  1.01967
 1.08904 -9.02583  1.01997
 1.08934 -9.01737  1.02027
 1.08964 -9.00892  1.02027
 1.08994 -9.00047  1.02057
 1.09024 -8.99204  1.02087
 1.09054 -8.98363  1.02117
 1.09084 -8.97521  1.02117
 1.09114 -8.96681  1.02147
 1.09144 -8.95842  1.02177
 1.09174 -8.95004  1.02177
 1.09204 -8.94166  1.02207
 1.09234  -8.9333  1.02237
 1.09264 -8.92495  1.02237
 1.09294 -8.91661  1.02267
 1.09324 -8.90828  1.02297
 1.09354 -8.89996  1.02297
 1.09384 -8.89165  1.02327
 1.09414 -8.88335  1.02357
 1.09444 -8.87506  1.02387
 1.09474 -8.86677  1.02387
 1.09505  -8.8585  1.02417
 1.09535 -8.85024  1.02447
 1.09565 -8.84199  1.02447
 1.09595 -8.83375  1.02477
 1.09625 -8.82551  1.02508
 1.09655 -8.81729  1.02508
 1.09685 -8.80908  1.02538
 1.09715 -8.80088  1.02568
 1.09745 -8.79268  1.02568
 1.09775  -8.7845  1.02598
 1.09805 -8.77633  1.02628
 1.09835 -8.76817  1.02628
 1.09865 -8.76001  1.02658
 1.09895 -8.75187  1.02688
 1.09925 -8.74374  1.02688
 1.09955 -8.73561  1.02718
 1.09985 -8.72749  1.02748
 1.10015 -8.71939  1.02748
 1.10045  -8.7113  1.02778
 1.10075 -8.70321  1.02808
 1.10105 -8.69514  1.02838
 1.10135 -8.68707  1.02838
 1.10165 -8.67901  1.02868
 1.10195 -8.67096  1.02898
 1.10225 -8.66293  1.02898
 1.10255  -8.6549  1.02928
 1.10285 -8.64688  1.02958
 1.10315 -8.63887  1.02988
 1.10345 -8.63087  1.02988
 1.10375 -8.62288  1.03018
 1.10405  -8.6149  1.03048
 1.10435 -8.60693  1.03048
 1.10465 -8.59897  1.03078
 1.10495 -8.59102  1.03108
 1.10526 -8.58307  1.03108
 1.10556 -8.57514  1.03138
 1.10586 -8.56722  1.03168
 1.10616 -8.55931  1.03168
 1.10646  -8.5514  1.03198
 1.10676  -8.5435  1.03228
 1.10706 -8.53562  1.03258
 1.10736 -8.52774  1.03258
 1.10766 -8.51987  1.03288
 1.10796 -8.51202  1.03318
 1.10826 -8.50416  1.03318
 1.10856 -8.49633  1.03348
 1.10886  -8.4885  1.03378
 1.10916 -8.48067  1.03378
 1.10946 -8.47287  1.03408
 1.10976 -8.46506  1.03438
 1.11006 -8.45727  1.03438
 1.11036 -8.44949  1.03468
 1.11066 -8.44171  1.03498
 1.11096 -8.43394  1.03498
 1.11126 -8.42619  1.03529
 1.11156 -8.41844  1.03559
 1.11186  -8.4107  1.03559
 1.11216 -8.40297  1.03589
 1.11246 -8.39525  1.03619
 1.11276 -8.38754  1.03649
 1.11306 -8.37984  1.03649
 1.11336 -8.37215  1.03679
 1.11366 -8.36446  1.03709
 1.11396 -8.35679  1.03709
 1.11426 -8.34912  1.03739
 1.11456 -8.34147  1.03769
 1.11486 -8.33382  1.03769
 1.11517 -8.32618  1.03799
 1.11547 -8.31855  1.03829
 1.11577 -8.31093  1.03829
 1.11607 -8.30332  1.03859
 1.11637 -8.29572  1.03889
 1.11667 -8.28813  1.03919
 1.11697 -8.28054  1.03919
 1.11727 -8.27296  1.03949
 1.11757  -8.2654  1.03979
 1.11787 -8.25784  1.03979
 1.11817 -8.25029  1.04009
 1.11847 -8.24275  1.04039
 1.11877 -8.23522  1.04039
 1.11907 -8.22769  1.04069
 1.11937 -8.22018  1.04099
 1.11967 -8.21268  1.04129
 1.11997 -8.20518  1.04129
 1.12027  -8.1977  1.04159
 1.12057 -8.19022  1.04189
 1.12087 -8.18275  1.04189
 1.12117 -8.17529  1.04219
 1.12147 -8.16783  1.04249
 1.12177 -8.16039  1.04249
 1.12207 -8.15296  1.04279
 1.12237 -8.14553  1.04309
 1.12267 -8.13811  1.04309
 1.12297  -8.1307  1.04339
 1.12327  -8.1233  1.04369
 1.12357 -8.11591  1.04369
 1.12387 -8.10853  1.04399
 1.12417 -8.10115  1.04429
 1.12447 -8.09379  1.04429
 1.12477 -8.08643  1.04459
 1.12508 -8.07908  1.04489
 1.12538 -8.07175   1.0452
 1.12568 -8.06441   1.0452
 1.12598 -8.05709   1.0455
 1.12628 -8.04978   1.0458
 1.12658 -8.04247   1.0458
 1.12688 -8.03517   1.0461
 1.12718 -8.02788   1.0464
 1.12748 -8.02061   1.0464
 1.12778 -8.01333   1.0467
 1.12808 -8.00607    1.047
 1.12838 -7.99882    1.047
 1.12868 -7.99157   1.0473
 1.12898 -7.98433   1.0476
 1.12928  -7.9771   1.0479
 1.12958 -7.96988   1.0479
 1.12988 -7.96267   1.0482
 1.13018 -7.95546   1.0485
 1.13048 -7.94827   1.0485
 1.13078 -7.94108   1.0488
 1.13108  -7.9339   1.0491
 1.13138 -7.92673   1.0491
 1.13168 -7.91957   1.0494
 1.13198 -7.91241   1.0497
 1.13228 -7.90527   1.0497
 1.13258 -7.89813     1.05
 1.13288   -7.891   1.0503
 1.13318 -7.88388   1.0506
 1.13348 -7.87676   1.0506
 1.13378 -7.86966   1.0509
 1.13408 -7.86257   1.0512
 1.13438 -7.85548   1.0512
 1.13468  -7.8484   1.0515
 1.13498 -7.84133   1.0518
 1.13529 -7.83426   1.0518
 1.13559 -7.82721   1.0521
 1.13589 -7.82016   1.0524
 1.13619 -7.81312   1.0524
 1.13649 -7.80609   1.0527
 1.13679 -7.79906    1.053
 1.13709 -7.79205    1.053
 1.13739 -7.78504   1.0533
 1.13769 -7.77804   1.0536
 1.13799 -7.77106   1.0539
 1.13829 -7.76407   1.0539
 1.13859  -7.7571   1.0542
 1.13889 -7.75013   1.0545
 1.13919 -7.74317   1.0545
 1.13949 -7.73622   1.0548
 1.13979 -7.72928  1.05511
 1.14009 -7.72235  1.05511
 1.14039 -7.71542  1.05541
 1.14069  -7.7085  1.05571
 1.14099 -7.70159  1.05571
 1.14129 -7.69469  1.05601
 1.14159  -7.6878  1.05631
 1.14189 -7.68091  1.05661
 1.14219 -7.67403  1.05661
 1.14249 -7.66716  1.05691
 1.14279  -7.6603  1.05721
 1.14309 -7.65344  1.05721
 1.14339 -7.64659  1.05751
 1.14369 -7.63976  1.05781
 1.14399 -7.63293  1.05781
 1.14429  -7.6261  1.05811
 1.14459 -7.61929  1.05841
 1.14489 -7.61248  1.05841
  1.1452 -7.60568  1.05871
  1.1455 -7.59889  1.05901
  1.1458  -7.5921  1.05901
  1.1461 -7.58532  1.05931
  1.1464 -7.57855  1.05961
  1.1467  -7.5718  1.05991
   1.147 -7.56504  1.05991
  1.1473 -7.55829  1.06021
  1.1476 -7.55156  1.06051
  1.1479 -7.54483  1.06051
  1.1482  -7.5381  1.06081
  1.1485 -7.53139  1.06111
  1.1488 -7.52468  1.06111
  1.1491 -7.51798  1.06141
  1.1494 -7.51129  1.06171
  1.1497 -7.50461  1.06171
    1.15 -7.49793  1.06201