 kgrid  ValNew  Policy 
    0.85 -28.5306 0.887237
  0.8503  -28.508 0.887538
0.850601 -28.4854 0.887538
0.850901 -28.4628 0.887838
0.851201 -28.4403 0.888138
0.851502 -28.4177 0.888438
0.851802 -28.3952 0.888739
0.852102 -28.3728 0.888739
0.852402 -28.3503 0.889039
0.852703 -28.3279 0.889339
0.853003 -28.3055  0.88964
0.853303 -28.2831  0.88994
0.853604 -28.2608  0.89024
0.853904 -28.2384  0.89024
0.854204 -28.2162 0.890541
0.854505 -28.1939 0.890841
0.854805 -28.1716 0.891141
0.855105 -28.1494 0.891441
0.855405 -28.1272 0.891441
0.855706 -28.1051 0.891742
0.856006 -28.0829 0.892042
0.856306 -28.0608 0.892342
0.856607 -28.0387 0.892643
0.856907 -28.0167 0.892643
0.857207 -27.9946 0.892943
0.857508 -27.9726 0.893243
0.857808 -27.9507 0.893544
0.858108 -27.9287 0.893844
0.858408 -27.9068 0.893844
0.858709 -27.8849 0.894144
0.859009  -27.863 0.894444
0.859309 -27.8411 0.894745
 0.85961 -27.8193 0.895045
 0.85991 -27.7975 0.895045
 0.86021 -27.7757 0.895345
0.860511 -27.7539 0.895646
0.860811 -27.7322 0.895946
0.861111 -27.7105 0.896246
0.861411 -27.6888 0.896547
0.861712 -27.6672 0.896547
0.862012 -27.6455 0.896847
0.862312 -27.6239 0.897147
0.862613 -27.6023 0.897447
0.862913 -27.5808 0.897748
0.863213 -27.5593 0.897748
0.863514 -27.5377 0.898048
0.863814 -27.5163 0.898348
0.864114 -27.4948 0.898649
0.864414 -27.4734 0.898949
0.864715 -27.4519 0.899249
0.865015 -27.4306 0.899249
0.865315 -27.4092  0.89955
0.865616 -27.3878  0.89985
0.865916 -27.3665  0.90015
0.866216 -27.3452  0.90045
0.866517  -27.324  0.90045
0.866817 -27.3027 0.900751
0.867117 -27.2815 0.901051
0.867417 -27.2603 0.901351
0.867718 -27.2391 0.901652
0.868018  -27.218 0.901952
0.868318 -27.1968 0.901952
0.868619 -27.1757 0.902252
0.868919 -27.1547 0.902553
0.869219 -27.1336 0.902853
 0.86952 -27.1126 0.903153
 0.86982 -27.0916 0.903153
 0.87012 -27.0706 0.903453
 0.87042 -27.0496 0.903754
0.870721 -27.0287 0.904054
0.871021 -27.0077 0.904354
0.871321 -26.9868 0.904655
0.871622  -26.966 0.904655
0.871922 -26.9451 0.904955
0.872222 -26.9243 0.905255
0.872523 -26.9035 0.905556
0.872823 -26.8827 0.905856
0.873123  -26.862 0.906156
0.873423 -26.8412 0.906156
0.873724 -26.8205 0.906456
0.874024 -26.7998 0.906757
0.874324 -26.7791 0.907057
0.874625 -26.7585 0.907357
0.874925 -26.7379 0.907658
0.875225 -26.7173 0.907658
0.875526 -26.6967 0.907958
0.875826 -26.6761 0.908258
0.876126 -26.6556 0.908559
0.876426 -26.6351 0.908859
0.876727 -26.6146 0.908859
0.877027 -26.5941 0.909159
0.877327 -26.5737 0.909459
0.877628 -26.5533  0.90976
0.877928 -26.5329  0.91006
0.878228 -26.5125  0.91036
0.878529 -26.4922  0.91036
0.878829 -26.4718 0.910661
0.879129 -26.4515 0.910961
0.879429 -26.4312 0.911261
 0.87973  -26.411 0.911562
 0.88003 -26.3907 0.911562
 0.88033 -26.3705 0.911862
0.880631 -26.3503 0.912162
0.880931 -26.3301 0.912462
0.881231   -26.31 0.912763
0.881532 -26.2898 0.913063
0.881832 -26.2697 0.913063
0.882132 -26.2496 0.913363
0.882432 -26.2296 0.913664
0.882733 -26.2095 0.913964
0.883033 -26.1895 0.914264
0.883333 -26.1695 0.914565
0.883634 -26.1495 0.914565
0.883934 -26.1296 0.914865
0.884234 -26.1096 0.915165
0.884535 -26.0897 0.915465
0.884835 -26.0698 0.915766
0.885135   -26.05 0.915766
0.885435 -26.0301 0.916066
0.885736 -26.0103 0.916366
0.886036 -25.9905 0.916667
0.886336 -25.9707 0.916967
0.886637 -25.9509 0.917267
0.886937 -25.9312 0.917267
0.887237 -25.9114 0.917568
0.887538 -25.8917 0.917868
0.887838  -25.872 0.918168
0.888138 -25.8524 0.918468
0.888438 -25.8327 0.918769
0.888739 -25.8131 0.918769
0.889039 -25.7935 0.919069
0.889339 -25.7739 0.919369
 0.88964 -25.7544  0.91967
 0.88994 -25.7348  0.91997
 0.89024 -25.7153  0.92027
0.890541 -25.6958  0.92027
0.890841 -25.6763 0.920571
0.891141 -25.6569 0.920871
0.891441 -25.6374 0.921171
0.891742  -25.618 0.921471
0.892042 -25.5986 0.921772
0.892342 -25.5792 0.921772
0.892643 -25.5599 0.922072
0.892943 -25.5405 0.922372
0.893243 -25.5212 0.922673
0.893544 -25.5019 0.922973
0.893844 -25.4826 0.923273
0.894144 -25.4634 0.923273
0.894444 -25.4441 0.923574
0.894745 -25.4249 0.923874
0.895045 -25.4057 0.924174
0.895345 -25.3865 0.924474
0.895646 -25.3674 0.924775
0.895946 -25.3482 0.924775
0.896246 -25.3291 0.925075
0.896547   -25.31 0.925375
0.896847 -25.2909 0.925676
0.897147 -25.2719 0.925976
0.897447 -25.2528 0.926276
0.897748 -25.2338 0.926276
0.898048 -25.2148 0.926577
0.898348 -25.1958 0.926877
0.898649 -25.1768 0.927177
0.898949 -25.1579 0.927477
0.899249  -25.139 0.927778
 0.89955 -25.1201 0.928078
 0.89985 -25.1012 0.928078
 0.90015 -25.0823 0.928378
 0.90045 -25.0635 0.928679
0.900751 -25.0446 0.928979
0.901051 -25.0258 0.929279
0.901351  -25.007  0.92958
0.901652 -24.9883  0.92958
0.901952 -24.9695  0.92988
0.902252 -24.9508  0.93018
0.902553  -24.932  0.93048
0.902853 -24.9134 0.930781
0.903153 -24.8947 0.931081
0.903453  -24.876 0.931081
0.903754 -24.8574 0.931381
0.904054 -24.8388 0.931682
0.904354 -24.8202 0.931982
0.904655 -24.8016 0.932282
0.904955  -24.783 0.932583
0.905255 -24.7645 0.932583
0.905556 -24.7459 0.932883
0.905856 -24.7274 0.933183
0.906156  -24.709 0.933483
0.906456 -24.6905 0.933784
0.906757  -24.672 0.934084
0.907057 -24.6536 0.934084
0.907357 -24.6352 0.934384
0.907658 -24.6168 0.934685
0.907958 -24.5984 0.934985
0.908258 -24.5801 0.935285
0.908559 -24.5617 0.935586
0.908859 -24.5434 0.935586
0.909159 -24.5251 0.935886
0.909459 -24.5068 0.936186
 0.90976 -24.4886 0.936486
 0.91006 -24.4703 0.936787
 0.91036 -24.4521 0.937087
0.910661 -24.4339 0.937087
0.910961 -24.4157 0.937387
0.911261 -24.3975 0.937688
0.911562 -24.3793 0.937988
0.911862 -24.3612 0.938288
0.912162 -24.3431 0.938589
0.912462  -24.325 0.938889
0.912763 -24.3069 0.938889
0.913063 -24.2889 0.939189
0.913363 -24.2708 0.939489
0.913664 -24.2528  0.93979
0.913964 -24.2348  0.94009
0.914264 -24.2168  0.94039
0.914565 -24.1988  0.94039
0.914865 -24.1809 0.940691
0.915165 -24.1629 0.940991
0.915465  -24.145 0.941291
0.915766 -24.1271 0.941592
0.916066 -24.1092 0.941592
0.916366 -24.0914 0.941892
0.916667 -24.0735 0.942192
0.916967 -24.0557 0.942492
0.917267 -24.0379 0.942793
0.917568 -24.0201 0.943093
0.917868 -24.0023 0.943393
0.918168 -23.9845 0.943393
0.918468 -23.9668 0.943694
0.918769 -23.9491 0.943994
0.919069 -23.9314 0.944294
0.919369 -23.9137 0.944595
 0.91967  -23.896 0.944895
 0.91997 -23.8784 0.944895
 0.92027 -23.8607 0.945195
0.920571 -23.8431 0.945495
0.920871 -23.8255 0.945796
0.921171 -23.8079 0.946096
0.921471 -23.7904 0.946396
0.921772 -23.7728 0.946396
0.922072 -23.7553 0.946697
0.922372 -23.7378 0.946997
0.922673 -23.7203 0.947297
0.922973 -23.7028 0.947598
0.923273 -23.6853 0.947898
0.923574 -23.6679 0.947898
0.923874 -23.6505 0.948198
0.924174 -23.6331 0.948498
0.924474 -23.6157 0.948799
0.924775 -23.5983 0.949099
0.925075  -23.581 0.949399
0.925375 -23.5636 0.949399
0.925676 -23.5463   0.9497
0.925976  -23.529     0.95
0.926276 -23.5117   0.9503
0.926577 -23.4944 0.950601
0.926877 -23.4772 0.950901
0.927177 -23.4599 0.951201
0.927477 -23.4427 0.951201
0.927778 -23.4255 0.951502
0.928078 -23.4083 0.951802
0.928378 -23.3911 0.952102
0.928679  -23.374 0.952402
0.928979 -23.3569 0.952703
0.929279 -23.3397 0.952703
 0.92958 -23.3226 0.953003
 0.92988 -23.3056 0.953303
 0.93018 -23.2885 0.953604
 0.93048 -23.2714 0.953904
0.930781 -23.2544 0.954204
0.931081 -23.2374 0.954204
0.931381 -23.2204 0.954505
0.931682 -23.2034 0.954805
0.931982 -23.1864 0.955105
0.932282 -23.1695 0.955405
0.932583 -23.1525 0.955706
0.932883 -23.1356 0.955706
0.933183 -23.1187 0.956006
0.933483 -23.1018 0.956306
0.933784  -23.085 0.956607
0.934084 -23.0681 0.956907
0.934384 -23.0513 0.957207
0.934685 -23.0345 0.957207
0.934985 -23.0177 0.957508
0.935285 -23.0009 0.957808
0.935586 -22.9841 0.958108
0.935886 -22.9673 0.958408
0.936186 -22.9506 0.958709
0.936486 -22.9339 0.958709
0.936787 -22.9172 0.959009
0.937087 -22.9005 0.959309
0.937387 -22.8838  0.95961
0.937688 -22.8672  0.95991
0.937988 -22.8505  0.96021
0.938288 -22.8339 0.960511
0.938589 -22.8173 0.960511
0.938889 -22.8007 0.960811
0.939189 -22.7841 0.961111
0.939489 -22.7676 0.961411
 0.93979  -22.751 0.961712
 0.94009 -22.7345 0.962012
 0.94039  -22.718 0.962012
0.940691 -22.7015 0.962312
0.940991  -22.685 0.962613
0.941291 -22.6686 0.962913
0.941592 -22.6521 0.963213
0.941892 -22.6357 0.963514
0.942192 -22.6193 0.963514
0.942492 -22.6029 0.963814
0.942793 -22.5865 0.964114
0.943093 -22.5701 0.964414
0.943393 -22.5538 0.964715
0.943694 -22.5374 0.965015
0.943994 -22.5211 0.965015
0.944294 -22.5048 0.965315
0.944595 -22.4885 0.965616
0.944895 -22.4723 0.965916
0.945195  -22.456 0.966216
0.945495 -22.4398 0.966517
0.945796 -22.4235 0.966517
0.946096 -22.4073 0.966817
0.946396 -22.3911 0.967117
0.946697  -22.375 0.967417
0.946997 -22.3588 0.967718
0.947297 -22.3427 0.968018
0.947598 -22.3265 0.968318
0.947898 -22.3104 0.968318
0.948198 -22.2943 0.968619
0.948498 -22.2782 0.968919
0.948799 -22.2621 0.969219
0.949099 -22.2461  0.96952
0.949399 -22.2301  0.96982
  0.9497  -22.214  0.96982
    0.95  -22.198  0.97012
  0.9503  -22.182  0.97042
0.950601 -22.1661 0.970721
0.950901 -22.1501 0.971021
0.951201 -22.1342 0.971321
0.951502 -22.1182 0.971321
0.951802 -22.1023 0.971622
0.952102 -22.0864 0.971922
0.952402 -22.0705 0.972222
0.952703 -22.0546 0.972523
0.953003 -22.0388 0.972823
0.953303  -22.023 0.973123
0.953604 -22.0071 0.973123
0.953904 -21.9913 0.973423
0.954204 -21.9755 0.973724
0.954505 -21.9597 0.974024
0.954805  -21.944 0.974324
0.955105 -21.9282 0.974625
0.955405 -21.9125 0.974625
0.955706 -21.8968 0.974925
0.956006 -21.8811 0.975225
0.956306 -21.8654 0.975526
0.956607 -21.8497 0.975826
0.956907 -21.8341 0.976126
0.957207 -21.8184 0.976126
0.957508 -21.8028 0.976426
0.957808 -21.7872 0.976727
0.958108 -21.7716 0.977027
0.958408  -21.756 0.977327
0.958709 -21.7404 0.977628
0.959009 -21.7249 0.977628
0.959309 -21.7093 0.977928
 0.95961 -21.6938 0.978228
 0.95991 -21.6783 0.978529
 0.96021 -21.6628 0.978829
0.960511 -21.6473 0.979129
0.960811 -21.6318 0.979129
0.961111 -21.6164 0.979429
0.961411  -21.601  0.97973
0.961712 -21.5855  0.98003
0.962012 -21.5701  0.98033
0.962312 -21.5547 0.980631
0.962613 -21.5394 0.980931
0.962913  -21.524 0.980931
0.963213 -21.5086 0.981231
0.963514 -21.4933 0.981532
0.963814  -21.478 0.981832
0.964114 -21.4627 0.982132
0.964414 -21.4474 0.982432
0.964715 -21.4321 0.982432
0.965015 -21.4169 0.982733
0.965315 -21.4016 0.983033
0.965616 -21.3864 0.983333
0.965916 -21.3712 0.983634
0.966216  -21.356 0.983934
0.966517 -21.3408 0.983934
0.966817 -21.3256 0.984234
0.967117 -21.3104 0.984535
0.967417 -21.2953 0.984835
0.967718 -21.2802 0.985135
0.968018  -21.265 0.985435
0.968318 -21.2499 0.985435
0.968619 -21.2348 0.985736
0.968919 -21.2198 0.986036
0.969219 -21.2047 0.986336
 0.96952 -21.1897 0.986637
 0.96982 -21.1746 0.986937
 0.97012 -21.1596 0.986937
 0.97042 -21.1446 0.987237
0.970721 -21.1296 0.987538
0.971021 -21.1146 0.987838
0.971321 -21.0997 0.988138
0.971622 -21.0847 0.988438
0.971922 -21.0698 0.988739
0.972222 -21.0549 0.988739
0.972523   -21.04 0.989039
0.972823 -21.0251 0.989339
0.973123 -21.0102  0.98964
0.973423 -20.9953  0.98994
0.973724 -20.9805  0.99024
0.974024 -20.9657  0.99024
0.974324 -20.9508 0.990541
0.974625  -20.936 0.990841
0.974925 -20.9212 0.991141
0.975225 -20.9065 0.991441
0.975526 -20.8917 0.991742
0.975826 -20.8769 0.991742
0.976126 -20.8622 0.992042
0.976426 -20.8475 0.992342
0.976727 -20.8328 0.992643
0.977027 -20.8181 0.992943
0.977327 -20.8034 0.993243
0.977628 -20.7887 0.993243
0.977928 -20.7741 0.993544
0.978228 -20.7594 0.993844
0.978529 -20.7448 0.994144
0.978829 -20.7302 0.994444
0.979129 -20.7156 0.994745
0.979429  -20.701 0.994745
 0.97973 -20.6864 0.995045
 0.98003 -20.6718 0.995345
 0.98033 -20.6573 0.995646
0.980631 -20.6428 0.995946
0.980931 -20.6282 0.996246
0.981231 -20.6137 0.996547
0.981532 -20.5992 0.996547
0.981832 -20.5848 0.996847
0.982132 -20.5703 0.997147
0.982432 -20.5558 0.997447
0.982733 -20.5414 0.997748
0.983033  -20.527 0.998048
0.983333 -20.5126 0.998048
0.983634 -20.4982 0.998348
0.983934 -20.4838 0.998649
0.984234 -20.4694 0.998949
0.984535 -20.4551 0.999249
0.984835 -20.4407  0.99955
0.985135 -20.4264  0.99955
0.985435 -20.4121  0.99985
0.985736 -20.3978  1.00015
0.986036 -20.3835  1.00045
0.986336 -20.3692  1.00075
0.986637 -20.3549  1.00105
0.986937 -20.3407  1.00105
0.987237 -20.3264  1.00135
0.987538 -20.3122  1.00165
0.987838  -20.298  1.00195
0.988138 -20.2838  1.00225
0.988438 -20.2696  1.00255
0.988739 -20.2554  1.00285
0.989039 -20.2413  1.00285
0.989339 -20.2271  1.00315
 0.98964  -20.213  1.00345
 0.98994 -20.1989  1.00375
 0.99024 -20.1848  1.00405
0.990541 -20.1707  1.00435
0.990841 -20.1566  1.00435
0.991141 -20.1425  1.00465
0.991441 -20.1285  1.00495
0.991742 -20.1144  1.00526
0.992042 -20.1004  1.00556
0.992342 -20.0864  1.00586
0.992643 -20.0724  1.00586
0.992943 -20.0584  1.00616
0.993243 -20.0444  1.00646
0.993544 -20.0304  1.00676
0.993844 -20.0165  1.00706
0.994144 -20.0026  1.00736
0.994444 -19.9886  1.00736
0.994745 -19.9747  1.00766
0.995045 -19.9608  1.00796
0.995345 -19.9469  1.00826
0.995646  -19.933  1.00856
0.995946 -19.9192  1.00886
0.996246 -19.9053  1.00886
0.996547 -19.8915  1.00916
0.996847 -19.8777  1.00946
0.997147 -19.8639  1.00976
0.997447 -19.8501  1.01006
0.997748 -19.8363  1.01036
0.998048 -19.8225  1.01036
0.998348 -19.8088  1.01066
0.998649  -19.795  1.01096
0.998949 -19.7813  1.01126
0.999249 -19.7675  1.01156
 0.99955 -19.7538  1.01186
 0.99985 -19.7401  1.01186
 1.00015 -19.7265  1.01216
 1.00045 -19.7128  1.01246
 1.00075 -19.6991  1.01276
 1.00105 -19.6855  1.01306
 1.00135 -19.6718  1.01336
 1.00165 -19.6582  1.01366
 1.00195 -19.6446  1.01366
 1.00225  -19.631  1.01396
 1.00255 -19.6174  1.01426
 1.00285 -19.6039  1.01456
 1.00315 -19.5903  1.01486
 1.00345 -19.5768  1.01517
 1.00375 -19.5632  1.01517
 1.00405 -19.5497  1.01547
 1.00435 -19.5362  1.01577
 1.00465 -19.5227  1.01607
 1.00495 -19.5092  1.01637
 1.00526 -19.4957  1.01667
 1.00556 -19.4823  1.01667
 1.00586 -19.4688  1.01697
 1.00616 -19.4554  1.01727
 1.00646  -19.442  1.01757
 1.00676 -19.4286  1.01787
 1.00706 -19.4152  1.01817
 1.00736 -19.4018  1.01817
 1.00766 -19.3884  1.01847
 1.00796  -19.375  1.01877
 1.00826 -19.3617  1.01907
 1.00856 -19.3483  1.01937
 1.00886  -19.335  1.01967
 1.00916 -19.3217  1.01967
 1.00946 -19.3084  1.01997
 1.00976 -19.2951  1.02027
 1.01006 -19.2818  1.02057
 1.01036 -19.2686  1.02087
 1.01066 -19.2553  1.02117
 1.01096 -19.2421  1.02147
 1.01126 -19.2289  1.02147
 1.01156 -19.2156  1.02177
 1.01186 -19.2024  1.02207
 1.01216 -19.1892  1.02237
 1.01246 -19.1761  1.02267
 1.01276 -19.1629  1.02297
 1.01306 -19.1497  1.02297
 1.01336 -19.1366  1.02327
 1.01366 -19.1234  1.02357
 1.01396 -19.1103  1.02387
 1.01426 -19.0972  1.02417
 1.01456 -19.0841  1.02447
 1.01486  -19.071  1.02447
 1.01517  -19.058  1.02477
 1.01547 -19.0449  1.02508
 1.01577 -19.0319  1.02538
 1.01607 -19.0188  1.02568
 1.01637 -19.0058  1.02598
 1.01667 -18.9928  1.02598
 1.01697 -18.9798  1.02628
 1.01727 -18.9668  1.02658
 1.01757 -18.9538  1.02688
 1.01787 -18.9408  1.02718
 1.01817 -18.9279  1.02748
 1.01847 -18.9149  1.02748
 1.01877  -18.902  1.02778
 1.01907 -18.8891  1.02808
 1.01937 -18.8762  1.02838
 1.01967 -18.8633  1.02868
 1.01997 -18.8504  1.02898
 1.02027 -18.8375  1.02928
 1.02057 -18.8247  1.02928
 1.02087 -18.8118  1.02958
 1.02117  -18.799  1.02988
 1.02147 -18.7861  1.03018
 1.02177 -18.7733  1.03048
 1.02207 -18.7605  1.03078
 1.02237 -18.7477  1.03078
 1.02267  -18.735  1.03108
 1.02297 -18.7222  1.03138
 1.02327 -18.7094  1.03168
 1.02357 -18.6967  1.03198
 1.02387 -18.6839  1.03228
 1.02417 -18.6712  1.03228
 1.02447 -18.6585  1.03258
 1.02477 -18.6458  1.03288
 1.02508 -18.6331  1.03318
 1.02538 -18.6204  1.03348
 1.02568 -18.6078  1.03378
 1.02598 -18.5951  1.03378
 1.02628 -18.5825  1.03408
 1.02658 -18.5698  1.03438
 1.02688 -18.5572  1.03468
 1.02718 -18.5446  1.03498
 1.02748  -18.532  1.03529
 1.02778 -18.5194  1.03529
 1.02808 -18.5069  1.03559
 1.02838 -18.4943  1.03589
 1.02868 -18.4817  1.03619
 1.02898 -18.4692  1.03649
 1.02928 -18.4567  1.03679
 1.02958 -18.4442  1.03679
 1.02988 -18.4316  1.03709
 1.03018 -18.4191  1.03739
 1.03048 -18.4067  1.03769
 1.03078 -18.3942  1.03799
 1.03108 -18.3817  1.03829
 1.03138 -18.3693  1.03829
 1.03168 -18.3568  1.03859
 1.03198 -18.3444  1.03889
 1.03228  -18.332  1.03919
 1.03258 -18.3196  1.03949
 1.03288 -18.3072  1.03979
 1.03318 -18.2948  1.04009
 1.03348 -18.2824  1.04009
 1.03378 -18.2701  1.04039
 1.03408 -18.2577  1.04069
 1.03438 -18.2454  1.04099
 1.03468  -18.233  1.04129
 1.03498 -18.2207  1.04159
 1.03529 -18.2084  1.04159
 1.03559 -18.1961  1.04189
 1.03589 -18.1838  1.04219
 1.03619 -18.1716  1.04249
 1.03649 -18.1593  1.04279
 1.03679 -18.1471  1.04309
 1.03709 -18.1348  1.04309
 1.03739 -18.1226  1.04339
 1.03769 -18.1104  1.04369
 1.03799 -18.0981  1.04399
 1.03829 -18.0859  1.04429
 1.03859 -18.0738  1.04459
 1.03889 -18.0616  1.04459
 1.03919 -18.0494  1.04489
 1.03949 -18.0373   1.0452
 1.03979 -18.0251   1.0455
 1.04009  -18.013   1.0458
 1.04039 -18.0009   1.0461
 1.04069 -17.9888   1.0461
 1.04099 -17.9767   1.0464
 1.04129 -17.9646   1.0467
 1.04159 -17.9525    1.047
 1.04189 -17.9404   1.0473
 1.04219 -17.9284   1.0476
 1.04249 -17.9163   1.0476
 1.04279 -17.9043   1.0479
 1.04309 -17.8923   1.0482
 1.04339 -17.8802   1.0485
 1.04369 -17.8682   1.0488
 1.04399 -17.8562   1.0491
 1.04429 -17.8443   1.0491
 1.04459 -17.8323   1.0494
 1.04489 -17.8203   1.0497
  1.0452 -17.8084     1.05
  1.0455 -17.7964   1.0503
  1.0458 -17.7845   1.0506
  1.0461 -17.7726   1.0506
  1.0464 -17.7607   1.0509
  1.0467 -17.7488   1.0512
   1.047 -17.7369   1.0515
  1.0473  -17.725   1.0518
  1.0476 -17.7131   1.0521
  1.0479 -17.7013   1.0521
  1.0482 -17.6894   1.0524
  1.0485 -17.6776   1.0527
  1.0488 -17.6658    1.053
  1.0491  -17.654   1.0533
  1.0494 -17.6422   1.0536
  1.0497 -17.6304   1.0539
    1.05 -17.6186   1.0539
  1.0503 -17.6068   1.0542
  1.0506 -17.5951   1.0545
  1.0509 -17.5833   1.0548
  1.0512 -17.5716  1.05511
  1.0515 -17.5598  1.05541
  1.0518 -17.5481  1.05541
  1.0521 -17.5364  1.05571
  1.0524 -17.5247  1.05601
  1.0527  -17.513  1.05631
   1.053 -17.5013  1.05661
  1.0533 -17.4897  1.05691
  1.0536  -17.478  1.05691
  1.0539 -17.4664  1.05721
  1.0542 -17.4547  1.05751
  1.0545 -17.4431  1.05781
  1.0548 -17.4315  1.05811
 1.05511 -17.4199  1.05841
 1.05541 -17.4083  1.05841
 1.05571 -17.3967  1.05871
 1.05601 -17.3851  1.05901
 1.05631 -17.3735  1.05931
 1.05661  -17.362  1.05961
 1.05691 -17.3504  1.05991
 1.05721 -17.3389  1.05991
 1.05751 -17.3274  1.06021
 1.05781 -17.3159  1.06051
 1.05811 -17.3044  1.06081
 1.05841 -17.2929  1.06111
 1.05871 -17.2814  1.06141
 1.05901 -17.2699  1.06141
 1.05931 -17.2584  1.06171
 1.05961  -17.247  1.06201
 1.05991 -17.2355  1.06231
 1.06021 -17.2241  1.06261
 1.06051 -17.2127  1.06291
 1.06081 -17.2013  1.06291
 1.06111 -17.1899  1.06321
 1.06141 -17.1785  1.06351
 1.06171 -17.1671  1.06381
 1.06201 -17.1557  1.06411
 1.06231 -17.1443  1.06441
 1.06261  -17.133  1.06441
 1.06291 -17.1216  1.06471
 1.06321 -17.1103  1.06502
 1.06351  -17.099  1.06532
 1.06381 -17.0877  1.06562
 1.06411 -17.0764  1.06592
 1.06441 -17.0651  1.06592
 1.06471 -17.0538  1.06622
 1.06502 -17.0425  1.06652
 1.06532 -17.0312  1.06682
 1.06562   -17.02  1.06712
 1.06592 -17.0087  1.06742
 1.06622 -16.9975  1.06742
 1.06652 -16.9863  1.06772
 1.06682 -16.9751  1.06802
 1.06712 -16.9638  1.06832
 1.06742 -16.9526  1.06862
 1.06772 -16.9415  1.06892
 1.06802 -16.9303  1.06922
 1.06832 -16.9191  1.06922
 1.06862  -16.908  1.06952
 1.06892 -16.8968  1.06982
 1.06922 -16.8857  1.07012
 1.06952 -16.8745  1.07042
 1.06982 -16.8634  1.07072
 1.07012 -16.8523  1.07072
 1.07042 -16.8412  1.07102
 1.07072 -16.8301  1.07132
 1.07102  -16.819  1.07162
 1.07132  -16.808  1.07192
 1.07162 -16.7969  1.07222
 1.07192 -16.7859  1.07222
 1.07222 -16.7748  1.07252
 1.07252 -16.7638  1.07282
 1.07282 -16.7528  1.07312
 1.07312 -16.7417  1.07342
 1.07342 -16.7307  1.07372
 1.07372 -16.7197  1.07372
 1.07402 -16.7088  1.07402
 1.07432 -16.6978  1.07432
 1.07462 -16.6868  1.07462
 1.07492 -16.6759  1.07492
 1.07523 -16.6649  1.07523
 1.07553  -16.654  1.07523
 1.07583 -16.6431  1.07553
 1.07613 -16.6321  1.07583
 1.07643 -16.6212  1.07613
 1.07673 -16.6103  1.07643
 1.07703 -16.5994  1.07673
 1.07733 -16.5886  1.07673
 1.07763 -16.5777  1.07703
 1.07793 -16.5668  1.07733
 1.07823  -16.556  1.07763
 1.07853 -16.5451  1.07793
 1.07883 -16.5343  1.07793
 1.07913 -16.5235  1.07823
 1.07943 -16.5127  1.07853
 1.07973 -16.5018  1.07883
 1.08003  -16.491  1.07913
 1.08033 -16.4803  1.07943
 1.08063 -16.4695  1.07973
 1.08093 -16.4587  1.07973
 1.08123  -16.448  1.08003
 1.08153 -16.4372  1.08033
 1.08183 -16.4265  1.08063
 1.08213 -16.4157  1.08093
 1.08243  -16.405  1.08123
 1.08273 -16.3943  1.08123
 1.08303 -16.3836  1.08153
 1.08333 -16.3729  1.08183
 1.08363 -16.3622  1.08213
 1.08393 -16.3515  1.08243
 1.08423 -16.3409  1.08273
 1.08453 -16.3302  1.08273
 1.08483 -16.3196  1.08303
 1.08514 -16.3089  1.08333
 1.08544 -16.2983  1.08363
 1.08574 -16.2877  1.08393
 1.08604 -16.2771  1.08423
 1.08634 -16.2665  1.08423
 1.08664 -16.2559  1.08453
 1.08694 -16.2453  1.08483
 1.08724 -16.2347  1.08514
 1.08754 -16.2242  1.08544
 1.08784 -16.2136  1.08574
 1.08814 -16.2031  1.08574
 1.08844 -16.1925  1.08604
 1.08874  -16.182  1.08634
 1.08904 -16.1715  1.08664
 1.08934 -16.1609  1.08694
 1.08964 -16.1504  1.08724
 1.08994   -16.14  1.08724
 1.09024 -16.1295  1.08754
 1.09054  -16.119  1.08784
 1.09084 -16.1085  1.08814
 1.09114 -16.0981  1.08844
 1.09144 -16.0876  1.08874
 1.09174 -16.0772  1.08874
 1.09204 -16.0668  1.08904
 1.09234 -16.0563  1.08934
 1.09264 -16.0459  1.08964
 1.09294 -16.0355  1.08994
 1.09324 -16.0251  1.09024
 1.09354 -16.0147  1.09024
 1.09384 -16.0044  1.09054
 1.09414  -15.994  1.09084
 1.09444 -15.9836  1.09114
 1.09474 -15.9733  1.09144
 1.09505 -15.9629  1.09174
 1.09535 -15.9526  1.09174
 1.09565 -15.9423  1.09204
 1.09595  -15.932  1.09234
 1.09625 -15.9217  1.09264
 1.09655 -15.9114  1.09294
 1.09685 -15.9011  1.09324
 1.09715 -15.8908  1.09324
 1.09745 -15.8805  1.09354
 1.09775 -15.8703  1.09384
 1.09805   -15.86  1.09414
 1.09835 -15.8498  1.09444
 1.09865 -15.8395  1.09474
 1.09895 -15.8293  1.09474
 1.09925 -15.8191  1.09505
 1.09955 -15.8089  1.09535
 1.09985 -15.7987  1.09565
 1.10015 -15.7885  1.09595
 1.10045 -15.7783  1.09625
 1.10075 -15.7681  1.09625
 1.10105 -15.7579  1.09655
 1.10135 -15.7478  1.09685
 1.10165 -15.7376  1.09715
 1.10195 -15.7275  1.09745
 1.10225 -15.7174  1.09775
 1.10255 -15.7072  1.09805
 1.10285 -15.6971  1.09805
 1.10315  -15.687  1.09835
 1.10345 -15.6769  1.09865
 1.10375 -15.6668  1.09895
 1.10405 -15.6568  1.09925
 1.10435 -15.6467  1.09955
 1.10465 -15.6366  1.09955
 1.10495 -15.6266  1.09985
 1.10526 -15.6165  1.10015
 1.10556 -15.6065  1.10045
 1.10586 -15.5964  1.10075
 1.10616 -15.5864  1.10105
 1.10646 -15.5764  1.10105
 1.10676 -15.5664  1.10135
 1.10706 -15.5564  1.10165
 1.10736 -15.5464  1.10195
 1.10766 -15.5364  1.10225
 1.10796 -15.5265  1.10255
 1.10826 -15.5165  1.10255
 1.10856 -15.5066  1.10285
 1.10886 -15.4966  1.10315
 1.10916 -15.4867  1.10345
 1.10946 -15.4768  1.10375
 1.10976 -15.4668  1.10405
 1.11006 -15.4569  1.10405
 1.11036  -15.447  1.10435
 1.11066 -15.4371  1.10465
 1.11096 -15.4272  1.10495
 1.11126 -15.4174  1.10526
 1.11156 -15.4075  1.10556
 1.11186 -15.3976  1.10556
 1.11216 -15.3878  1.10586
 1.11246 -15.3779  1.10616
 1.11276 -15.3681  1.10646
 1.11306 -15.3583  1.10676
 1.11336 -15.3485  1.10706
 1.11366 -15.3386  1.10706
 1.11396 -15.3288  1.10736
 1.11426  -15.319  1.10766
 1.11456 -15.3093  1.10796
 1.11486 -15.2995  1.10826
 1.11517 -15.2897  1.10856
 1.11547   -15.28  1.10856
 1.11577 -15.2702  1.10886
 1.11607 -15.2604  1.10916
 1.11637 -15.2507  1.10946
 1.11667  -15.241  1.10976
 1.11697 -15.2313  1.11006
 1.11727 -15.2216  1.11006
 1.11757 -15.2118  1.11036
 1.11787 -15.2022  1.11066
 1.11817 -15.1925  1.11096
 1.11847 -15.1828  1.11126
 1.11877 -15.1731  1.11156
 1.11907 -15.1634  1.11156
 1.11937 -15.1538  1.11186
 1.11967 -15.1441  1.11216
 1.11997 -15.1345  1.11246
 1.12027 -15.1249  1.11276
 1.12057 -15.1153  1.11306
 1.12087 -15.1056  1.11306
 1.12117  -15.096  1.11336
 1.12147 -15.0864  1.11366
 1.12177 -15.0768  1.11396
 1.12207 -15.0673  1.11426
 1.12237 -15.0577  1.11456
 1.12267 -15.0481  1.11456
 1.12297 -15.0386  1.11486
 1.12327  -15.029  1.11517
 1.12357 -15.0195  1.11547
 1.12387 -15.0099  1.11577
 1.12417 -15.0004  1.11607
 1.12447 -14.9909  1.11607
 1.12477 -14.9814  1.11637
 1.12508 -14.9719  1.11667
 1.12538 -14.9624  1.11697
 1.12568 -14.9529  1.11727
 1.12598 -14.9434  1.11757
 1.12628 -14.9339  1.11757
 1.12658 -14.9245  1.11787
 1.12688  -14.915  1.11817
 1.12718 -14.9056  1.11847
 1.12748 -14.8961  1.11877
 1.12778 -14.8867  1.11907
 1.12808 -14.8773  1.11907
 1.12838 -14.8679  1.11937
 1.12868 -14.8585  1.11967
 1.12898 -14.8491  1.11997
 1.12928 -14.8397  1.12027
 1.12958 -14.8303  1.12057
 1.12988 -14.8209  1.12057
 1.13018 -14.8115  1.12087
 1.13048 -14.8022  1.12117
 1.13078 -14.7928  1.12147
 1.13108 -14.7835  1.12177
 1.13138 -14.7741  1.12207
 1.13168 -14.7648  1.12207
 1.13198 -14.7555  1.12237
 1.13228 -14.7462  1.12267
 1.13258 -14.7369  1.12297
 1.13288 -14.7276  1.12327
 1.13318 -14.7183  1.12357
 1.13348  -14.709  1.12357
 1.13378 -14.6997  1.12387
 1.13408 -14.6905  1.12417
 1.13438 -14.6812  1.12447
 1.13468 -14.6719  1.12477
 1.13498 -14.6627  1.12508
 1.13529 -14.6535  1.12508
 1.13559 -14.6442  1.12538
 1.13589  -14.635  1.12568
 1.13619 -14.6258  1.12598
 1.13649 -14.6166  1.12628
 1.13679 -14.6074  1.12658
 1.13709 -14.5982  1.12658
 1.13739  -14.589  1.12688
 1.13769 -14.5798  1.12718
 1.13799 -14.5707  1.12748
 1.13829 -14.5615  1.12778
 1.13859 -14.5524  1.12808
 1.13889 -14.5432  1.12808
 1.13919 -14.5341  1.12838
 1.13949 -14.5249  1.12868
 1.13979 -14.5158  1.12898
 1.14009 -14.5067  1.12928
 1.14039 -14.4976  1.12958
 1.14069 -14.4885  1.12958
 1.14099 -14.4794  1.12988
 1.14129 -14.4703  1.13018
 1.14159 -14.4612  1.13048
 1.14189 -14.4522  1.13078
 1.14219 -14.4431  1.13108
 1.14249 -14.4341  1.13108
 1.14279  -14.425  1.13138
 1.14309  -14.416  1.13168
 1.14339 -14.4069  1.13198
 1.14369 -14.3979  1.13228
 1.14399 -14.3889  1.13258
 1.14429 -14.3799  1.13258
 1.14459 -14.3709  1.13288
 1.14489 -14.3619  1.13318
  1.1452 -14.3529  1.13348
  1.1455 -14.3439  1.13378
  1.1458 -14.3349  1.13378
  1.1461  -14.326  1.13408
  1.1464  -14.317  1.13438
  1.1467 -14.3081  1.13468
   1.147 -14.2991  1.13498
  1.1473 -14.2902  1.13529
  1.1476 -14.2813  1.13559
  1.1479 -14.2723  1.13559
  1.1482 -14.2634  1.13589
  1.1485 -14.2545  1.13619
  1.1488 -14.2456  1.13649
  1.1491 -14.2367  1.13679
  1.1494 -14.2278  1.13709
  1.1497  -14.219  1.13709
    1.15 -14.2101  1.13739