TASMANIAN SG 4.0
WARNING: do not edit this manually
localpolynomial
2 1 1 1
localp
1 2 5 0 0 0 1 0 2 1 0 2 0
1  1.71178369114361839e+00 -3.22832198266944070e+00 9.40969008632735804e-01 -3.22832198197263098e+00 9.40969008806852081e-01
0
0
1 0
0 4 4 4 4 4
3 4 1 2
1 5 1 1.71178369114361839e+00 -1.51653829152582231e+00 2.65275269977635419e+00 -1.51653829082901259e+00 2.65275269995047047e+00
custom
2.00000000000000011e-01 3.00000000000000000e+00
2.00000000000000011e-01 3.00000000000000000e+00
TASMANIAN SG end
