TASMANIAN SG 4.0
WARNING: do not edit this manually
localpolynomial
2 1 1 1
localp
1 2 5 0 0 0 1 0 2 1 0 2 0
1  1.71579558865596882e+00 -3.04796545309180100e+00 1.04447698132232203e+00 -3.04796545521868323e+00 1.04447696041431115e+00
0
0
1 0
0 4 4 4 4 4
3 4 1 2
1 5 1 1.71579558865596882e+00 -1.33216986443583241e+00 2.76027256997829085e+00 -1.33216986656271441e+00 2.76027254907027997e+00
custom
2.00000000000000011e-01 3.00000000000000000e+00
2.00000000000000011e-01 3.00000000000000000e+00
TASMANIAN SG end
