TASMANIAN SG 4.0
WARNING: do not edit this manually
localpolynomial
2 1 1 1
localp
1 2 5 0 0 0 1 0 2 1 0 2 0
1  1.46045554948116862e+00 -3.20007493571801938e+00 1.04139210617804956e+00 -3.20007493554311573e+00 1.04139209377318931e+00
0
0
1 0
0 4 4 4 4 4
3 4 1 2
1 5 1 1.46045554948116862e+00 -1.73961938623685097e+00 2.50184765565921818e+00 -1.73961938606194733e+00 2.50184764325435793e+00
custom
2.00000000000000011e-01 3.00000000000000000e+00
2.00000000000000011e-01 3.00000000000000000e+00
TASMANIAN SG end
