TASMANIAN SG 4.0
WARNING: do not edit this manually
localpolynomial
2 1 1 1
localp
1 2 5 0 0 0 1 0 2 1 0 2 0
1  1.98550195167093912e+00 -3.14773692144385064e+00 8.69905389461662182e-01 -3.14773692220949730e+00 8.69905389537039664e-01
0
0
1 0
0 4 4 4 4 4
3 4 1 2
1 5 1 1.98550195167093912e+00 -1.16223496977291152e+00 2.85540734113260131e+00 -1.16223497053855818e+00 2.85540734120797879e+00
custom
2.00000000000000011e-01 3.00000000000000000e+00
2.00000000000000011e-01 3.00000000000000000e+00
TASMANIAN SG end
