TASMANIAN SG 4.0
WARNING: do not edit this manually
localpolynomial
2 1 1 1
localp
1 2 5 0 0 0 1 0 2 1 0 2 0
1  1.35840766721864004e+00 -3.28169324185300981e+00 1.02739748825277299e+00 -3.28169324165827625e+00 1.02739749172319472e+00
0
0
1 0
0 4 4 4 4 4
3 4 1 2
1 5 1 1.35840766721864004e+00 -1.92328557463436978e+00 2.38580515547141303e+00 -1.92328557443963644e+00 2.38580515894183476e+00
custom
2.00000000000000011e-01 3.00000000000000000e+00
2.00000000000000011e-01 3.00000000000000000e+00
TASMANIAN SG end
