TASMANIAN SG 4.0
WARNING: do not edit this manually
localpolynomial
2 1 1 1
localp
1 2 5 0 0 0 1 0 2 1 0 2 0
1  1.35704229902091811e+00 -3.34433680531631428e+00 9.90289618412019124e-01 -3.34433680548373768e+00 9.90289613609116603e-01
0
0
1 0
0 4 4 4 4 4
3 4 1 2
1 5 1 1.35704229902091811e+00 -1.98729450629539595e+00 2.34733191743293723e+00 -1.98729450646281935e+00 2.34733191263003471e+00
custom
2.00000000000000011e-01 3.00000000000000000e+00
2.00000000000000011e-01 3.00000000000000000e+00
TASMANIAN SG end
