TASMANIAN SG 4.0
WARNING: do not edit this manually
localpolynomial
2 1 1 1
localp
1 2 5 0 0 0 1 0 2 1 0 2 0
1  1.45800125174787509e+00 -3.31312767138544340e+00 9.75972118916890841e-01 -3.31312767117797335e+00 9.75972118770024322e-01
0
0
1 0
0 4 4 4 4 4
3 4 1 2
1 5 1 1.45800125174787509e+00 -1.85512641963756830e+00 2.43397337066476593e+00 -1.85512641943009804e+00 2.43397337051789941e+00
custom
2.00000000000000011e-01 3.00000000000000000e+00
2.00000000000000011e-01 3.00000000000000000e+00
TASMANIAN SG end
