TASMANIAN SG 4.0
WARNING: do not edit this manually
localpolynomial
2 1 1 1
localp
1 2 5 0 0 0 1 0 2 1 0 2 0
1  1.55246232711835308e+00 -3.17222222830397005e+00 1.02855267247449644e+00 -3.17222224530444752e+00 1.02855265084312020e+00
0
0
1 0
0 4 4 4 4 4
3 4 1 2
1 5 1 1.55246232711835308e+00 -1.61975990118561697e+00 2.58101499959284952e+00 -1.61975991818609422e+00 2.58101497796147328e+00
custom
2.00000000000000011e-01 3.00000000000000000e+00
2.00000000000000011e-01 3.00000000000000000e+00
TASMANIAN SG end
