TASMANIAN SG 4.0
WARNING: do not edit this manually
localpolynomial
2 1 1 1
localp
1 2 5 0 0 0 1 0 2 1 0 2 0
1  1.36106069177423783e+00 -3.15784760549842058e+00 1.09378924548222600e+00 -3.15784760781302865e+00 1.09378923775677861e+00
0
0
1 0
0 4 4 4 4 4
3 4 1 2
1 5 1 1.36106069177423783e+00 -1.79678691372418253e+00 2.45484993725646383e+00 -1.79678691603879059e+00 2.45484992953101644e+00
custom
2.00000000000000011e-01 3.00000000000000000e+00
2.00000000000000011e-01 3.00000000000000000e+00
TASMANIAN SG end
