TASMANIAN SG 4.0
WARNING: do not edit this manually
localpolynomial
2 1 1 1
localp
1 2 5 0 0 0 1 0 2 1 0 2 0
1  -9.34919547130925821e+00 5.80766563454556639e+00 1.83834346056340152e+01 -3.24697523060116282e+01 1.83342708390770639e+01
0
0
1 0
0 4 4 4 4 4
3 4 1 2
1 5 1 -9.34919547130925821e+00 -3.54152983676369182e+00 9.03423913432475700e+00 -4.18189477773208864e+01 8.98507536776780569e+00
custom
2.00000000000000011e-01 3.00000000000000000e+00
2.00000000000000011e-01 3.00000000000000000e+00
TASMANIAN SG end
