TASMANIAN SG 4.0
WARNING: do not edit this manually
localpolynomial
2 1 1 1
localp
1 2 5 0 0 0 1 0 2 1 0 2 0
1  1.71422471535229315e+00 -3.11927781226222889e+00 1.00640330364926500e+00 -3.11927781319698649e+00 1.00640329149977381e+00
0
0
1 0
0 4 4 4 4 4
3 4 1 2
1 5 1 1.71422471535229315e+00 -1.40505309690993574e+00 2.72062801900155815e+00 -1.40505309784469334e+00 2.72062800685206696e+00
custom
2.00000000000000011e-01 3.00000000000000000e+00
2.00000000000000011e-01 3.00000000000000000e+00
TASMANIAN SG end
