TASMANIAN SG 4.0
WARNING: do not edit this manually
localpolynomial
2 1 1 1
localp
1 2 5 0 0 0 1 0 2 1 0 2 0
1  1.63829749793150459e+00 -3.07383224445212511e+00 1.05502079110608094e+00 -3.07383224643640540e+00 1.05502078389108522e+00
0
0
1 0
0 4 4 4 4 4
3 4 1 2
1 5 1 1.63829749793150459e+00 -1.43553474652062052e+00 2.69331828903758552e+00 -1.43553474850490081e+00 2.69331828182258981e+00
custom
2.00000000000000011e-01 3.00000000000000000e+00
2.00000000000000011e-01 3.00000000000000000e+00
TASMANIAN SG end
