 kgrid  ValNew  Policy 
    0.85 -26.5764 0.858108
  0.8503 -26.5501 0.858408
0.850601 -26.5239 0.858408
0.850901 -26.4977 0.858709
0.851201 -26.4716 0.859009
0.851502 -26.4455 0.859009
0.851802 -26.4194 0.859309
0.852102 -26.3934  0.85961
0.852402 -26.3674  0.85961
0.852703 -26.3415  0.85991
0.853003 -26.3156  0.86021
0.853303 -26.2898 0.860511
0.853604  -26.264 0.860511
0.853904 -26.2382 0.860811
0.854204 -26.2125 0.861111
0.854505 -26.1868 0.861111
0.854805 -26.1612 0.861411
0.855105 -26.1356 0.861712
0.855405 -26.1101 0.861712
0.855706 -26.0846 0.862012
0.856006 -26.0591 0.862312
0.856306 -26.0337 0.862312
0.856607 -26.0083 0.862613
0.856907  -25.983 0.862913
0.857207 -25.9577 0.862913
0.857508 -25.9324 0.863213
0.857808 -25.9072 0.863514
0.858108  -25.882 0.863514
0.858408 -25.8569 0.863814
0.858709 -25.8318 0.864114
0.859009 -25.8068 0.864114
0.859309 -25.7818 0.864414
 0.85961 -25.7568 0.864715
 0.85991 -25.7319 0.864715
 0.86021  -25.707 0.865015
0.860511 -25.6821 0.865315
0.860811 -25.6573 0.865315
0.861111 -25.6326 0.865616
0.861411 -25.6078 0.865916
0.861712 -25.5832 0.865916
0.862012 -25.5585 0.866216
0.862312 -25.5339 0.866517
0.862613 -25.5093 0.866517
0.862913 -25.4848 0.866817
0.863213 -25.4603 0.867117
0.863514 -25.4359 0.867117
0.863814 -25.4115 0.867417
0.864114 -25.3871 0.867718
0.864414 -25.3628 0.867718
0.864715 -25.3385 0.868018
0.865015 -25.3142 0.868318
0.865315   -25.29 0.868619
0.865616 -25.2659 0.868619
0.865916 -25.2417 0.868919
0.866216 -25.2176 0.868919
0.866517 -25.1936 0.869219
0.866817 -25.1696  0.86952
0.867117 -25.1456  0.86952
0.867417 -25.1216  0.86982
0.867718 -25.0977  0.87012
0.868018 -25.0739  0.87042
0.868318 -25.0501  0.87042
0.868619 -25.0263 0.870721
0.868919 -25.0025 0.871021
0.869219 -24.9788 0.871021
 0.86952 -24.9551 0.871321
 0.86982 -24.9315 0.871622
 0.87012 -24.9079 0.871622
 0.87042 -24.8843 0.871922
0.870721 -24.8608 0.872222
0.871021 -24.8373 0.872222
0.871321 -24.8139 0.872523
0.871622 -24.7905 0.872823
0.871922 -24.7671 0.872823
0.872222 -24.7437 0.873123
0.872523 -24.7204 0.873423
0.872823 -24.6972 0.873423
0.873123 -24.6739 0.873724
0.873423 -24.6508 0.874024
0.873724 -24.6276 0.874024
0.874024 -24.6045 0.874324
0.874324 -24.5814 0.874625
0.874625 -24.5584 0.874625
0.874925 -24.5353 0.874925
0.875225 -24.5123 0.875225
0.875526 -24.4894 0.875526
0.875826 -24.4665 0.875526
0.876126 -24.4436 0.875826
0.876426 -24.4208 0.876126
0.876727  -24.398 0.876126
0.877027 -24.3752 0.876426
0.877327 -24.3525 0.876727
0.877628 -24.3298 0.876727
0.877928 -24.3072 0.877027
0.878228 -24.2845 0.877327
0.878529  -24.262 0.877628
0.878829 -24.2394 0.877628
0.879129 -24.2169 0.877928
0.879429 -24.1944 0.878228
 0.87973 -24.1719 0.878228
 0.88003 -24.1494 0.878529
 0.88033  -24.127 0.878829
0.880631 -24.1046 0.879129
0.880931 -24.0823 0.879129
0.881231   -24.06 0.879429
0.881532 -24.0377  0.87973
0.881832 -24.0154  0.88003
0.882132 -23.9932  0.88033
0.882432  -23.971  0.88033
0.882733 -23.9488 0.880631
0.883033 -23.9266 0.880931
0.883333 -23.9045 0.881231
0.883634 -23.8824 0.881231
0.883934 -23.8603 0.881532
0.884234 -23.8383 0.881832
0.884535 -23.8163 0.882132
0.884835 -23.7943 0.882132
0.885135 -23.7723 0.882432
0.885435 -23.7504 0.882733
0.885736 -23.7285 0.883033
0.886036 -23.7067 0.883033
0.886336 -23.6848 0.883333
0.886637  -23.663 0.883634
0.886937 -23.6412 0.883934
0.887237 -23.6195 0.883934
0.887538 -23.5977 0.884234
0.887838  -23.576 0.884535
0.888138 -23.5544 0.884835
0.888438 -23.5327 0.884835
0.888739 -23.5111 0.885135
0.889039 -23.4895 0.885435
0.889339 -23.4679 0.885736
 0.88964 -23.4464 0.885736
 0.88994 -23.4249 0.886036
 0.89024 -23.4034 0.886336
0.890541  -23.382 0.886637
0.890841 -23.3606 0.886937
0.891141 -23.3392 0.886937
0.891441 -23.3178 0.887237
0.891742 -23.2964 0.887538
0.892042 -23.2751 0.887838
0.892342 -23.2538 0.887838
0.892643 -23.2326 0.888138
0.892943 -23.2114 0.888438
0.893243 -23.1902 0.888739
0.893544  -23.169 0.888739
0.893844 -23.1478 0.889039
0.894144 -23.1267 0.889339
0.894444 -23.1056  0.88964
0.894745 -23.0845  0.88964
0.895045 -23.0635  0.88994
0.895345 -23.0425  0.89024
0.895646 -23.0215 0.890541
0.895946 -23.0005 0.890541
0.896246 -22.9796 0.890841
0.896547 -22.9587 0.891141
0.896847 -22.9378 0.891441
0.897147 -22.9169 0.891441
0.897447 -22.8961 0.891742
0.897748 -22.8753 0.892042
0.898048 -22.8545 0.892342
0.898348 -22.8337 0.892342
0.898649  -22.813 0.892643
0.898949 -22.7923 0.892943
0.899249 -22.7716 0.893243
 0.89955  -22.751 0.893544
 0.89985 -22.7304 0.893544
 0.90015 -22.7098 0.893844
 0.90045 -22.6892 0.894144
0.900751 -22.6686 0.894444
0.901051 -22.6481 0.894444
0.901351 -22.6276 0.894745
0.901652 -22.6071 0.895045
0.901952 -22.5867 0.895345
0.902252 -22.5663 0.895345
0.902553 -22.5459 0.895646
0.902853 -22.5255 0.895946
0.903153 -22.5052 0.896246
0.903453 -22.4849 0.896246
0.903754 -22.4645 0.896547
0.904054 -22.4443 0.896847
0.904354  -22.424 0.897147
0.904655 -22.4038 0.897447
0.904955 -22.3836 0.897447
0.905255 -22.3635 0.897748
0.905556 -22.3433 0.898048
0.905856 -22.3232 0.898348
0.906156 -22.3031 0.898348
0.906456  -22.283 0.898649
0.906757  -22.263 0.898949
0.907057  -22.243 0.899249
0.907357  -22.223 0.899249
0.907658  -22.203  0.89955
0.907958 -22.1831  0.89985
0.908258 -22.1631  0.90015
0.908559 -22.1433  0.90045
0.908859 -22.1234  0.90045
0.909159 -22.1035 0.900751
0.909459 -22.0837 0.901051
 0.90976 -22.0639 0.901351
 0.91006 -22.0441 0.901351
 0.91036 -22.0244 0.901652
0.910661 -22.0046 0.901952
0.910961 -21.9849 0.902252
0.911261 -21.9653 0.902252
0.911562 -21.9456 0.902553
0.911862  -21.926 0.902853
0.912162 -21.9064 0.903153
0.912462 -21.8868 0.903453
0.912763 -21.8672 0.903453
0.913063 -21.8477 0.903754
0.913363 -21.8282 0.904054
0.913664 -21.8087 0.904354
0.913964 -21.7892 0.904354
0.914264 -21.7698 0.904655
0.914565 -21.7503 0.904955
0.914865 -21.7309 0.905255
0.915165 -21.7116 0.905255
0.915465 -21.6922 0.905556
0.915766 -21.6729 0.905856
0.916066 -21.6536 0.906156
0.916366 -21.6343 0.906156
0.916667 -21.6151 0.906456
0.916967 -21.5958 0.906757
0.917267 -21.5766 0.907057
0.917568 -21.5574 0.907357
0.917868 -21.5383 0.907357
0.918168 -21.5191 0.907658
0.918468    -21.5 0.907958
0.918769 -21.4809 0.908258
0.919069 -21.4619 0.908258
0.919369 -21.4428 0.908559
 0.91967 -21.4238 0.908859
 0.91997 -21.4048 0.909159
 0.92027 -21.3858 0.909159
0.920571 -21.3668 0.909459
0.920871 -21.3479  0.90976
0.921171  -21.329  0.91006
0.921471 -21.3101  0.91036
0.921772 -21.2912  0.91036
0.922072 -21.2724 0.910661
0.922372 -21.2536 0.910961
0.922673 -21.2348 0.911261
0.922973  -21.216 0.911261
0.923273 -21.1972 0.911562
0.923574 -21.1785 0.911862
0.923874 -21.1598 0.912162
0.924174 -21.1411 0.912462
0.924474 -21.1225 0.912462
0.924775 -21.1038 0.912763
0.925075 -21.0852 0.913063
0.925375 -21.0666 0.913363
0.925676  -21.048 0.913363
0.925976 -21.0294 0.913664
0.926276 -21.0109 0.913964
0.926577 -20.9924 0.914264
0.926877 -20.9739 0.914264
0.927177 -20.9554 0.914565
0.927477  -20.937 0.914865
0.927778 -20.9186 0.915165
0.928078 -20.9002 0.915465
0.928378 -20.8818 0.915465
0.928679 -20.8634 0.915766
0.928979 -20.8451 0.916066
0.929279 -20.8268 0.916366
 0.92958 -20.8085 0.916366
 0.92988 -20.7902 0.916667
 0.93018 -20.7719 0.916967
 0.93048 -20.7537 0.917267
0.930781 -20.7355 0.917568
0.931081 -20.7173 0.917568
0.931381 -20.6991 0.917868
0.931682  -20.681 0.918168
0.931982 -20.6628 0.918468
0.932282 -20.6447 0.918468
0.932583 -20.6267 0.918769
0.932883 -20.6086 0.919069
0.933183 -20.5905 0.919369
0.933483 -20.5725 0.919369
0.933784 -20.5545  0.91967
0.934084 -20.5365  0.91997
0.934384 -20.5186  0.92027
0.934685 -20.5007 0.920571
0.934985 -20.4827 0.920571
0.935285 -20.4648 0.920871
0.935586  -20.447 0.921171
0.935886 -20.4291 0.921471
0.936186 -20.4113 0.921471
0.936486 -20.3935 0.921772
0.936787 -20.3757 0.922072
0.937087 -20.3579 0.922372
0.937387 -20.3402 0.922673
0.937688 -20.3224 0.922673
0.937988 -20.3047 0.922973
0.938288  -20.287 0.923273
0.938589 -20.2694 0.923574
0.938889 -20.2517 0.923574
0.939189 -20.2341 0.923874
0.939489 -20.2165 0.924174
 0.93979 -20.1989 0.924474
 0.94009 -20.1813 0.924775
 0.94039 -20.1638 0.924775
0.940691 -20.1463 0.925075
0.940991 -20.1287 0.925375
0.941291 -20.1113 0.925676
0.941592 -20.0938 0.925676
0.941892 -20.0764 0.925976
0.942192 -20.0589 0.926276
0.942492 -20.0415 0.926577
0.942793 -20.0241 0.926577
0.943093 -20.0068 0.926877
0.943393 -19.9894 0.927177
0.943694 -19.9721 0.927477
0.943994 -19.9548 0.927778
0.944294 -19.9375 0.927778
0.944595 -19.9203 0.928078
0.944895  -19.903 0.928378
0.945195 -19.8858 0.928679
0.945495 -19.8686 0.928679
0.945796 -19.8514 0.928979
0.946096 -19.8342 0.929279
0.946396 -19.8171  0.92958
0.946697    -19.8  0.92988
0.946997 -19.7829  0.92988
0.947297 -19.7658  0.93018
0.947598 -19.7487  0.93048
0.947898 -19.7317 0.930781
0.948198 -19.7146 0.930781
0.948498 -19.6976 0.931081
0.948799 -19.6806 0.931381
0.949099 -19.6637 0.931682
0.949399 -19.6467 0.931982
  0.9497 -19.6298 0.931982
    0.95 -19.6129 0.932282
  0.9503  -19.596 0.932583
0.950601 -19.5791 0.932883
0.950901 -19.5622 0.932883
0.951201 -19.5454 0.933183
0.951502 -19.5286 0.933483
0.951802 -19.5118 0.933784
0.952102  -19.495 0.934084
0.952402 -19.4782 0.934084
0.952703 -19.4615 0.934384
0.953003 -19.4448 0.934685
0.953303  -19.428 0.934985
0.953604 -19.4114 0.935285
0.953904 -19.3947 0.935285
0.954204  -19.378 0.935586
0.954505 -19.3614 0.935886
0.954805 -19.3448 0.936186
0.955105 -19.3282 0.936186
0.955405 -19.3116 0.936486
0.955706 -19.2951 0.936787
0.956006 -19.2785 0.937087
0.956306  -19.262 0.937387
0.956607 -19.2455 0.937387
0.956907  -19.229 0.937688
0.957207 -19.2126 0.937988
0.957508 -19.1961 0.938288
0.957808 -19.1797 0.938288
0.958108 -19.1633 0.938589
0.958408 -19.1469 0.938889
0.958709 -19.1305 0.939189
0.959009 -19.1142 0.939489
0.959309 -19.0978 0.939489
 0.95961 -19.0815  0.93979
 0.95991 -19.0652  0.94009
 0.96021 -19.0489  0.94039
0.960511 -19.0327  0.94039
0.960811 -19.0164 0.940691
0.961111 -19.0002 0.940991
0.961411  -18.984 0.941291
0.961712 -18.9678 0.941592
0.962012 -18.9516 0.941592
0.962312 -18.9354 0.941892
0.962613 -18.9193 0.942192
0.962913 -18.9032 0.942492
0.963213 -18.8871 0.942492
0.963514  -18.871 0.942793
0.963814 -18.8549 0.943093
0.964114 -18.8389 0.943393
0.964414 -18.8229 0.943694
0.964715 -18.8068 0.943694
0.965015 -18.7908 0.943994
0.965315 -18.7749 0.944294
0.965616 -18.7589 0.944595
0.965916  -18.743 0.944895
0.966216  -18.727 0.944895
0.966517 -18.7111 0.945195
0.966817 -18.6952 0.945495
0.967117 -18.6794 0.945796
0.967417 -18.6635 0.945796
0.967718 -18.6477 0.946096
0.968018 -18.6319 0.946396
0.968318 -18.6161 0.946697
0.968619 -18.6003 0.946997
0.968919 -18.5845 0.946997
0.969219 -18.5688 0.947297
 0.96952  -18.553 0.947598
 0.96982 -18.5373 0.947898
 0.97012 -18.5216 0.947898
 0.97042 -18.5059 0.948198
0.970721 -18.4903 0.948498
0.971021 -18.4746 0.948799
0.971321  -18.459 0.949099
0.971622 -18.4434 0.949099
0.971922 -18.4278 0.949399
0.972222 -18.4122   0.9497
0.972523 -18.3967     0.95
0.972823 -18.3811     0.95
0.973123 -18.3656   0.9503
0.973423 -18.3501 0.950601
0.973724 -18.3346 0.950901
0.974024 -18.3191 0.951201
0.974324 -18.3037 0.951201
0.974625 -18.2882 0.951502
0.974925 -18.2728 0.951802
0.975225 -18.2574 0.952102
0.975526  -18.242 0.952102
0.975826 -18.2266 0.952402
0.976126 -18.2113 0.952703
0.976426 -18.1959 0.953003
0.976727 -18.1806 0.953303
0.977027 -18.1653 0.953303
0.977327   -18.15 0.953604
0.977628 -18.1348 0.953904
0.977928 -18.1195 0.954204
0.978228 -18.1043 0.954204
0.978529 -18.0891 0.954505
0.978829 -18.0739 0.954805
0.979129 -18.0587 0.955105
0.979429 -18.0435 0.955405
 0.97973 -18.0283 0.955405
 0.98003 -18.0132 0.955706
 0.98033 -17.9981 0.956006
0.980631  -17.983 0.956306
0.980931 -17.9679 0.956607
0.981231 -17.9528 0.956607
0.981532 -17.9378 0.956907
0.981832 -17.9227 0.957207
0.982132 -17.9077 0.957508
0.982432 -17.8927 0.957508
0.982733 -17.8777 0.957808
0.983033 -17.8627 0.958108
0.983333 -17.8478 0.958408
0.983634 -17.8328 0.958709
0.983934 -17.8179 0.958709
0.984234  -17.803 0.959009
0.984535 -17.7881 0.959309
0.984835 -17.7733  0.95961
0.985135 -17.7584  0.95961
0.985435 -17.7435  0.95991
0.985736 -17.7287  0.96021
0.986036 -17.7139 0.960511
0.986336 -17.6991 0.960811
0.986637 -17.6843 0.960811
0.986937 -17.6696 0.961111
0.987237 -17.6548 0.961411
0.987538 -17.6401 0.961712
0.987838 -17.6254 0.961712
0.988138 -17.6107 0.962012
0.988438  -17.596 0.962312
0.988739 -17.5813 0.962613
0.989039 -17.5667 0.962913
0.989339 -17.5521 0.962913
 0.98964 -17.5374 0.963213
 0.98994 -17.5228 0.963514
 0.99024 -17.5083 0.963814
0.990541 -17.4937 0.963814
0.990841 -17.4791 0.964114
0.991141 -17.4646 0.964414
0.991441 -17.4501 0.964715
0.991742 -17.4356 0.965015
0.992042 -17.4211 0.965015
0.992342 -17.4066 0.965315
0.992643 -17.3921 0.965616
0.992943 -17.3777 0.965916
0.993243 -17.3633 0.965916
0.993544 -17.3489 0.966216
0.993844 -17.3345 0.966517
0.994144 -17.3201 0.966817
0.994444 -17.3057 0.967117
0.994745 -17.2914 0.967117
0.995045  -17.277 0.967417
0.995345 -17.2627 0.967718
0.995646 -17.2484 0.968018
0.995946 -17.2341 0.968318
0.996246 -17.2198 0.968318
0.996547 -17.2056 0.968619
0.996847 -17.1913 0.968919
0.997147 -17.1771 0.969219
0.997447 -17.1629 0.969219
0.997748 -17.1487  0.96952
0.998048 -17.1345  0.96982
0.998348 -17.1203  0.97012
0.998649 -17.1062  0.97012
0.998949 -17.0921  0.97042
0.999249 -17.0779 0.970721
 0.99955 -17.0638 0.971021
 0.99985 -17.0497 0.971321
 1.00015 -17.0357 0.971321
 1.00045 -17.0216 0.971622
 1.00075 -17.0076 0.971922
 1.00105 -16.9935 0.972222
 1.00135 -16.9795 0.972523
 1.00165 -16.9655 0.972523
 1.00195 -16.9515 0.972823
 1.00225 -16.9376 0.973123
 1.00255 -16.9236 0.973423
 1.00285 -16.9097 0.973423
 1.00315 -16.8958 0.973724
 1.00345 -16.8818 0.974024
 1.00375  -16.868 0.974324
 1.00405 -16.8541 0.974625
 1.00435 -16.8402 0.974625
 1.00465 -16.8264 0.974925
 1.00495 -16.8125 0.975225
 1.00526 -16.7987 0.975526
 1.00556 -16.7849 0.975526
 1.00586 -16.7711 0.975826
 1.00616 -16.7573 0.976126
 1.00646 -16.7436 0.976426
 1.00676 -16.7298 0.976727
 1.00706 -16.7161 0.976727
 1.00736 -16.7024 0.977027
 1.00766 -16.6887 0.977327
 1.00796  -16.675 0.977628
 1.00826 -16.6613 0.977628
 1.00856 -16.6477 0.977928
 1.00886  -16.634 0.978228
 1.00916 -16.6204 0.978529
 1.00946 -16.6068 0.978529
 1.00976 -16.5932 0.978829
 1.01006 -16.5796 0.979129
 1.01036  -16.566 0.979429
 1.01066 -16.5525  0.97973
 1.01096 -16.5389  0.97973
 1.01126 -16.5254  0.98003
 1.01156 -16.5119  0.98033
 1.01186 -16.4984 0.980631
 1.01216 -16.4849 0.980931
 1.01246 -16.4714 0.980931
 1.01276  -16.458 0.981231
 1.01306 -16.4445 0.981532
 1.01336 -16.4311 0.981832
 1.01366 -16.4177 0.981832
 1.01396 -16.4043 0.982132
 1.01426 -16.3909 0.982432
 1.01456 -16.3775 0.982733
 1.01486 -16.3642 0.982733
 1.01517 -16.3508 0.983033
 1.01547 -16.3375 0.983333
 1.01577 -16.3242 0.983634
 1.01607 -16.3109 0.983934
 1.01637 -16.2976 0.983934
 1.01667 -16.2843 0.984234
 1.01697 -16.2711 0.984535
 1.01727 -16.2578 0.984835
 1.01757 -16.2446 0.985135
 1.01787 -16.2314 0.985135
 1.01817 -16.2182 0.985435
 1.01847  -16.205 0.985736
 1.01877 -16.1918 0.986036
 1.01907 -16.1787 0.986036
 1.01937 -16.1655 0.986336
 1.01967 -16.1524 0.986637
 1.01997 -16.1393 0.986937
 1.02027 -16.1262 0.987237
 1.02057 -16.1131 0.987237
 1.02087    -16.1 0.987538
 1.02117 -16.0869 0.987838
 1.02147 -16.0739 0.988138
 1.02177 -16.0609 0.988438
 1.02207 -16.0478 0.988438
 1.02237 -16.0348 0.988739
 1.02267 -16.0218 0.989039
 1.02297 -16.0089 0.989339
 1.02327 -15.9959 0.989339
 1.02357 -15.9829  0.98964
 1.02387   -15.97  0.98994
 1.02417 -15.9571  0.99024
 1.02447 -15.9442  0.99024
 1.02477 -15.9313 0.990541
 1.02508 -15.9184 0.990841
 1.02538 -15.9055 0.991141
 1.02568 -15.8927 0.991441
 1.02598 -15.8798 0.991441
 1.02628  -15.867 0.991742
 1.02658 -15.8542 0.992042
 1.02688 -15.8414 0.992342
 1.02718 -15.8286 0.992342
 1.02748 -15.8158 0.992643
 1.02778  -15.803 0.992943
 1.02808 -15.7903 0.993243
 1.02838 -15.7776 0.993544
 1.02868 -15.7648 0.993544
 1.02898 -15.7521 0.993844
 1.02928 -15.7394 0.994144
 1.02958 -15.7267 0.994444
 1.02988 -15.7141 0.994444
 1.03018 -15.7014 0.994745
 1.03048 -15.6888 0.995045
 1.03078 -15.6762 0.995345
 1.03108 -15.6635 0.995646
 1.03138 -15.6509 0.995646
 1.03168 -15.6383 0.995946
 1.03198 -15.6258 0.996246
 1.03228 -15.6132 0.996547
 1.03258 -15.6007 0.996547
 1.03288 -15.5881 0.996847
 1.03318 -15.5756 0.997147
 1.03348 -15.5631 0.997447
 1.03378 -15.5506 0.997748
 1.03408 -15.5381 0.997748
 1.03438 -15.5256 0.998048
 1.03468 -15.5132 0.998348
 1.03498 -15.5007 0.998649
 1.03529 -15.4883 0.998649
 1.03559 -15.4759 0.998949
 1.03589 -15.4635 0.999249
 1.03619 -15.4511  0.99955
 1.03649 -15.4387  0.99985
 1.03679 -15.4263  0.99985
 1.03709  -15.414  1.00015
 1.03739 -15.4016  1.00045
 1.03769 -15.3893  1.00075
 1.03799  -15.377  1.00075
 1.03829 -15.3647  1.00105
 1.03859 -15.3524  1.00135
 1.03889 -15.3401  1.00165
 1.03919 -15.3279  1.00195
 1.03949 -15.3156  1.00195
 1.03979 -15.3034  1.00225
 1.04009 -15.2911  1.00255
 1.04039 -15.2789  1.00285
 1.04069 -15.2667  1.00285
 1.04099 -15.2545  1.00315
 1.04129 -15.2424  1.00345
 1.04159 -15.2302  1.00375
 1.04189  -15.218  1.00405
 1.04219 -15.2059  1.00405
 1.04249 -15.1938  1.00435
 1.04279 -15.1817  1.00465
 1.04309 -15.1696  1.00495
 1.04339 -15.1575  1.00495
 1.04369 -15.1454  1.00526
 1.04399 -15.1333  1.00556
 1.04429 -15.1213  1.00586
 1.04459 -15.1093  1.00616
 1.04489 -15.0972  1.00616
  1.0452 -15.0852  1.00646
  1.0455 -15.0732  1.00676
  1.0458 -15.0612  1.00706
  1.0461 -15.0493  1.00706
  1.0464 -15.0373  1.00736
  1.0467 -15.0253  1.00766
   1.047 -15.0134  1.00796
  1.0473 -15.0015  1.00826
  1.0476 -14.9896  1.00826
  1.0479 -14.9777  1.00856
  1.0482 -14.9658  1.00886
  1.0485 -14.9539  1.00916
  1.0488  -14.942  1.00916
  1.0491 -14.9302  1.00946
  1.0494 -14.9183  1.00976
  1.0497 -14.9065  1.01006
    1.05 -14.8947  1.01036
  1.0503 -14.8829  1.01036
  1.0506 -14.8711  1.01066
  1.0509 -14.8593  1.01096
  1.0512 -14.8476  1.01126
  1.0515 -14.8358  1.01126
  1.0518 -14.8241  1.01156
  1.0521 -14.8123  1.01186
  1.0524 -14.8006  1.01216
  1.0527 -14.7889  1.01246
   1.053 -14.7772  1.01246
  1.0533 -14.7655  1.01276
  1.0536 -14.7539  1.01306
  1.0539 -14.7422  1.01336
  1.0542 -14.7306  1.01336
  1.0545 -14.7189  1.01366
  1.0548 -14.7073  1.01396
 1.05511 -14.6957  1.01426
 1.05541 -14.6841  1.01456
 1.05571 -14.6725  1.01456
 1.05601 -14.6609  1.01486
 1.05631 -14.6494  1.01517
 1.05661 -14.6378  1.01547
 1.05691 -14.6263  1.01547
 1.05721 -14.6148  1.01577
 1.05751 -14.6032  1.01607
 1.05781 -14.5917  1.01637
 1.05811 -14.5802  1.01667
 1.05841 -14.5688  1.01667
 1.05871 -14.5573  1.01697
 1.05901 -14.5458  1.01727
 1.05931 -14.5344  1.01757
 1.05961  -14.523  1.01757
 1.05991 -14.5115  1.01787
 1.06021 -14.5001  1.01817
 1.06051 -14.4887  1.01847
 1.06081 -14.4773  1.01877
 1.06111  -14.466  1.01877
 1.06141 -14.4546  1.01907
 1.06171 -14.4433  1.01937
 1.06201 -14.4319  1.01967
 1.06231 -14.4206  1.01967
 1.06261 -14.4093  1.01997
 1.06291  -14.398  1.02027
 1.06321 -14.3867  1.02057
 1.06351 -14.3754  1.02087
 1.06381 -14.3641  1.02087
 1.06411 -14.3529  1.02117
 1.06441 -14.3416  1.02147
 1.06471 -14.3304  1.02177
 1.06502 -14.3192  1.02177
 1.06532 -14.3079  1.02207
 1.06562 -14.2967  1.02237
 1.06592 -14.2855  1.02267
 1.06622 -14.2744  1.02297
 1.06652 -14.2632  1.02297
 1.06682  -14.252  1.02327
 1.06712 -14.2409  1.02357
 1.06742 -14.2298  1.02387
 1.06772 -14.2186  1.02387
 1.06802 -14.2075  1.02417
 1.06832 -14.1964  1.02447
 1.06862 -14.1853  1.02477
 1.06892 -14.1743  1.02477
 1.06922 -14.1632  1.02508
 1.06952 -14.1522  1.02538
 1.06982 -14.1411  1.02568
 1.07012 -14.1301  1.02598
 1.07042 -14.1191  1.02598
 1.07072  -14.108  1.02628
 1.07102  -14.097  1.02658
 1.07132 -14.0861  1.02688
 1.07162 -14.0751  1.02688
 1.07192 -14.0641  1.02718
 1.07222 -14.0532  1.02748
 1.07252 -14.0422  1.02778
 1.07282 -14.0313  1.02808
 1.07312 -14.0204  1.02808
 1.07342 -14.0095  1.02838
 1.07372 -13.9986  1.02868
 1.07402 -13.9877  1.02898
 1.07432 -13.9768  1.02898
 1.07462 -13.9659  1.02928
 1.07492 -13.9551  1.02958
 1.07523 -13.9442  1.02988
 1.07553 -13.9334  1.03018
 1.07583 -13.9226  1.03018
 1.07613 -13.9118  1.03048
 1.07643  -13.901  1.03078
 1.07673 -13.8902  1.03108
 1.07703 -13.8794  1.03108
 1.07733 -13.8686  1.03138
 1.07763 -13.8579  1.03168
 1.07793 -13.8471  1.03198
 1.07823 -13.8364  1.03228
 1.07853 -13.8257  1.03228
 1.07883  -13.815  1.03258
 1.07913 -13.8043  1.03288
 1.07943 -13.7936  1.03318
 1.07973 -13.7829  1.03318
 1.08003 -13.7722  1.03348
 1.08033 -13.7616  1.03378
 1.08063 -13.7509  1.03408
 1.08093 -13.7403  1.03438
 1.08123 -13.7297  1.03438
 1.08153  -13.719  1.03468
 1.08183 -13.7084  1.03498
 1.08213 -13.6978  1.03529
 1.08243 -13.6873  1.03529
 1.08273 -13.6767  1.03559
 1.08303 -13.6661  1.03589
 1.08333 -13.6556  1.03619
 1.08363  -13.645  1.03649
 1.08393 -13.6345  1.03649
 1.08423  -13.624  1.03679
 1.08453 -13.6135  1.03709
 1.08483  -13.603  1.03739
 1.08514 -13.5925  1.03739
 1.08544  -13.582  1.03769
 1.08574 -13.5715  1.03799
 1.08604 -13.5611  1.03829
 1.08634 -13.5506  1.03859
 1.08664 -13.5402  1.03859
 1.08694 -13.5298  1.03889
 1.08724 -13.5193  1.03919
 1.08754 -13.5089  1.03949
 1.08784 -13.4985  1.03949
 1.08814 -13.4882  1.03979
 1.08844 -13.4778  1.04009
 1.08874 -13.4674  1.04039
 1.08904 -13.4571  1.04069
 1.08934 -13.4467  1.04069
 1.08964 -13.4364  1.04099
 1.08994 -13.4261  1.04129
 1.09024 -13.4158  1.04159
 1.09054 -13.4055  1.04159
 1.09084 -13.3952  1.04189
 1.09114 -13.3849  1.04219
 1.09144 -13.3746  1.04249
 1.09174 -13.3644  1.04249
 1.09204 -13.3541  1.04279
 1.09234 -13.3439  1.04309
 1.09264 -13.3336  1.04339
 1.09294 -13.3234  1.04369
 1.09324 -13.3132  1.04369
 1.09354  -13.303  1.04399
 1.09384 -13.2928  1.04429
 1.09414 -13.2826  1.04459
 1.09444 -13.2725  1.04489
 1.09474 -13.2623  1.04489
 1.09505 -13.2522   1.0452
 1.09535  -13.242   1.0455
 1.09565 -13.2319   1.0458
 1.09595 -13.2218   1.0458
 1.09625 -13.2117   1.0461
 1.09655 -13.2016   1.0464
 1.09685 -13.1915   1.0467
 1.09715 -13.1814   1.0467
 1.09745 -13.1713    1.047
 1.09775 -13.1613   1.0473
 1.09805 -13.1512   1.0476
 1.09835 -13.1412   1.0479
 1.09865 -13.1312   1.0479
 1.09895 -13.1211   1.0482
 1.09925 -13.1111   1.0485
 1.09955 -13.1011   1.0488
 1.09985 -13.0912   1.0488
 1.10015 -13.0812   1.0491
 1.10045 -13.0712   1.0494
 1.10075 -13.0612   1.0497
 1.10105 -13.0513     1.05
 1.10135 -13.0414     1.05
 1.10165 -13.0314   1.0503
 1.10195 -13.0215   1.0506
 1.10225 -13.0116   1.0509
 1.10255 -13.0017   1.0509
 1.10285 -12.9918   1.0512
 1.10315 -12.9819   1.0515
 1.10345 -12.9721   1.0518
 1.10375 -12.9622   1.0521
 1.10405 -12.9523   1.0521
 1.10435 -12.9425   1.0524
 1.10465 -12.9327   1.0527
 1.10495 -12.9229    1.053
 1.10526  -12.913    1.053
 1.10556 -12.9032   1.0533
 1.10586 -12.8934   1.0536
 1.10616 -12.8837   1.0539
 1.10646 -12.8739   1.0542
 1.10676 -12.8641   1.0542
 1.10706 -12.8544   1.0545
 1.10736 -12.8446   1.0548
 1.10766 -12.8349  1.05511
 1.10796 -12.8252  1.05511
 1.10826 -12.8154  1.05541
 1.10856 -12.8057  1.05571
 1.10886  -12.796  1.05601
 1.10916 -12.7864  1.05601
 1.10946 -12.7767  1.05631
 1.10976  -12.767  1.05661
 1.11006 -12.7574  1.05691
 1.11036 -12.7477  1.05721
 1.11066 -12.7381  1.05721
 1.11096 -12.7284  1.05751
 1.11126 -12.7188  1.05781
 1.11156 -12.7092  1.05811
 1.11186 -12.6996  1.05811
 1.11216   -12.69  1.05841
 1.11246 -12.6804  1.05871
 1.11276 -12.6709  1.05901
 1.11306 -12.6613  1.05901
 1.11336 -12.6517  1.05931
 1.11366 -12.6422  1.05961
 1.11396 -12.6327  1.05991
 1.11426 -12.6231  1.06021
 1.11456 -12.6136  1.06021
 1.11486 -12.6041  1.06051
 1.11517 -12.5946  1.06081
 1.11547 -12.5851  1.06111
 1.11577 -12.5756  1.06111
 1.11607 -12.5662  1.06141
 1.11637 -12.5567  1.06171
 1.11667 -12.5472  1.06201
 1.11697 -12.5378  1.06231
 1.11727 -12.5284  1.06261
 1.11757 -12.5189  1.06261
 1.11787 -12.5095  1.06291
 1.11817 -12.5001  1.06321
 1.11847 -12.4907  1.06351
 1.11877 -12.4813  1.06351
 1.11907  -12.472  1.06381
 1.11937 -12.4626  1.06411
 1.11967 -12.4532  1.06441
 1.11997 -12.4439  1.06441
 1.12027 -12.4345  1.06471
 1.12057 -12.4252  1.06502
 1.12087 -12.4159  1.06532
 1.12117 -12.4066  1.06562
 1.12147 -12.3973  1.06562
 1.12177  -12.388  1.06592
 1.12207 -12.3787  1.06622
 1.12237 -12.3694  1.06652
 1.12267 -12.3601  1.06652
 1.12297 -12.3509  1.06682
 1.12327 -12.3416  1.06712
 1.12357 -12.3324  1.06742
 1.12387 -12.3231  1.06742
 1.12417 -12.3139  1.06772
 1.12447 -12.3047  1.06802
 1.12477 -12.2955  1.06832
 1.12508 -12.2863  1.06862
 1.12538 -12.2771  1.06862
 1.12568 -12.2679  1.06892
 1.12598 -12.2588  1.06922
 1.12628 -12.2496  1.06952
 1.12658 -12.2404  1.06952
 1.12688 -12.2313  1.06982
 1.12718 -12.2222  1.07012
 1.12748  -12.213  1.07042
 1.12778 -12.2039  1.07072
 1.12808 -12.1948  1.07072
 1.12838 -12.1857  1.07102
 1.12868 -12.1766  1.07132
 1.12898 -12.1675  1.07162
 1.12928 -12.1585  1.07162
 1.12958 -12.1494  1.07192
 1.12988 -12.1403  1.07222
 1.13018 -12.1313  1.07252
 1.13048 -12.1223  1.07252
 1.13078 -12.1132  1.07282
 1.13108 -12.1042  1.07312
 1.13138 -12.0952  1.07342
 1.13168 -12.0862  1.07372
 1.13198 -12.0772  1.07372
 1.13228 -12.0682  1.07402
 1.13258 -12.0592  1.07432
 1.13288 -12.0503  1.07462
 1.13318 -12.0413  1.07462
 1.13348 -12.0324  1.07492
 1.13378 -12.0234  1.07523
 1.13408 -12.0145  1.07553
 1.13438 -12.0056  1.07583
 1.13468 -11.9966  1.07583
 1.13498 -11.9877  1.07613
 1.13529 -11.9788  1.07643
 1.13559 -11.9699  1.07673
 1.13589 -11.9611  1.07673
 1.13619 -11.9522  1.07703
 1.13649 -11.9433  1.07733
 1.13679 -11.9345  1.07763
 1.13709 -11.9256  1.07793
 1.13739 -11.9168  1.07793
 1.13769 -11.9079  1.07823
 1.13799 -11.8991  1.07853
 1.13829 -11.8903  1.07883
 1.13859 -11.8815  1.07883
 1.13889 -11.8727  1.07913
 1.13919 -11.8639  1.07943
 1.13949 -11.8551  1.07973
 1.13979 -11.8464  1.08003
 1.14009 -11.8376  1.08003
 1.14039 -11.8289  1.08033
 1.14069 -11.8201  1.08063
 1.14099 -11.8114  1.08093
 1.14129 -11.8026  1.08093
 1.14159 -11.7939  1.08123
 1.14189 -11.7852  1.08153
 1.14219 -11.7765  1.08183
 1.14249 -11.7678  1.08213
 1.14279 -11.7591  1.08213
 1.14309 -11.7504  1.08243
 1.14339 -11.7418  1.08273
 1.14369 -11.7331  1.08303
 1.14399 -11.7244  1.08303
 1.14429 -11.7158  1.08333
 1.14459 -11.7072  1.08363
 1.14489 -11.6985  1.08393
  1.1452 -11.6899  1.08393
  1.1455 -11.6813  1.08423
  1.1458 -11.6727  1.08453
  1.1461 -11.6641  1.08483
  1.1464 -11.6555  1.08514
  1.1467 -11.6469  1.08514
   1.147 -11.6384  1.08544
  1.1473 -11.6298  1.08574
  1.1476 -11.6212  1.08604
  1.1479 -11.6127  1.08604
  1.1482 -11.6041  1.08634
  1.1485 -11.5956  1.08664
  1.1488 -11.5871  1.08694
  1.1491 -11.5786  1.08724
  1.1494 -11.5701  1.08724
  1.1497 -11.5616  1.08754
    1.15 -11.5531  1.08784