 kgrid  ValNew  Policy 
    0.85 -41.9452     0.85
  0.8503 -41.9145     0.85
0.850601  -41.884     0.85
0.850901 -41.8537     0.85
0.851201 -41.8234     0.85
0.851502 -41.7933     0.85
0.851802 -41.7633     0.85
0.852102 -41.7334     0.85
0.852402 -41.7037     0.85
0.852703 -41.6741     0.85
0.853003 -41.6446     0.85
0.853303 -41.6152     0.85
0.853604 -41.5859     0.85
0.853904 -41.5567   0.8503
0.854204 -41.5275 0.850601
0.854505 -41.4984 0.850601
0.854805 -41.4694 0.850901
0.855105 -41.4404 0.851201
0.855405 -41.4114 0.851201
0.855706 -41.3825 0.851502
0.856006 -41.3537 0.851502
0.856306 -41.3249 0.851802
0.856607 -41.2961 0.852102
0.856907 -41.2674 0.852102
0.857207 -41.2388 0.852402
0.857508 -41.2102 0.852703
0.857808 -41.1816 0.852703
0.858108 -41.1531 0.853003
0.858408 -41.1247 0.853303
0.858709 -41.0963 0.853303
0.859009 -41.0679 0.853604
0.859309 -41.0397 0.853904
 0.85961 -41.0114 0.853904
 0.85991 -40.9832 0.854204
 0.86021  -40.955 0.854505
0.860511 -40.9269 0.854505
0.860811 -40.8989 0.854805
0.861111 -40.8708 0.855105
0.861411 -40.8429 0.855105
0.861712 -40.8149 0.855405
0.862012  -40.787 0.855706
0.862312 -40.7592 0.855706
0.862613 -40.7314 0.856006
0.862913 -40.7036 0.856306
0.863213 -40.6759 0.856607
0.863514 -40.6482 0.856607
0.863814 -40.6206 0.856907
0.864114  -40.593 0.857207
0.864414 -40.5654 0.857207
0.864715 -40.5379 0.857508
0.865015 -40.5105 0.857808
0.865315  -40.483 0.857808
0.865616 -40.4556 0.858108
0.865916 -40.4283 0.858408
0.866216  -40.401 0.858709
0.866517 -40.3738 0.858709
0.866817 -40.3465 0.859009
0.867117 -40.3194 0.859309
0.867417 -40.2922 0.859309
0.867718 -40.2651  0.85961
0.868018 -40.2381  0.85991
0.868318 -40.2111  0.86021
0.868619 -40.1841  0.86021
0.868919 -40.1572 0.860511
0.869219 -40.1303 0.860811
 0.86952 -40.1035 0.860811
 0.86982 -40.0767 0.861111
 0.87012 -40.0499 0.861411
 0.87042 -40.0232 0.861411
0.870721 -39.9965 0.861712
0.871021 -39.9699 0.862012
0.871321 -39.9433 0.862312
0.871622 -39.9167 0.862312
0.871922 -39.8902 0.862613
0.872222 -39.8637 0.862913
0.872523 -39.8373 0.862913
0.872823 -39.8109 0.863213
0.873123 -39.7845 0.863514
0.873423 -39.7582 0.863814
0.873724 -39.7319 0.863814
0.874024 -39.7056 0.864114
0.874324 -39.6794 0.864414
0.874625 -39.6533 0.864414
0.874925 -39.6271 0.864715
0.875225  -39.601 0.865015
0.875526  -39.575 0.865315
0.875826  -39.549 0.865315
0.876126  -39.523 0.865616
0.876426  -39.497 0.865916
0.876727 -39.4711 0.865916
0.877027 -39.4453 0.866216
0.877327 -39.4194 0.866517
0.877628 -39.3937 0.866817
0.877928 -39.3679 0.866817
0.878228 -39.3422 0.867117
0.878529 -39.3165 0.867417
0.878829 -39.2909 0.867417
0.879129 -39.2653 0.867718
0.879429 -39.2397 0.868018
 0.87973 -39.2142 0.868318
 0.88003 -39.1887 0.868318
 0.88033 -39.1633 0.868619
0.880631 -39.1378 0.868919
0.880931 -39.1125 0.868919
0.881231 -39.0871 0.869219
0.881532 -39.0618  0.86952
0.881832 -39.0366  0.86982
0.882132 -39.0113  0.86982
0.882432 -38.9861  0.87012
0.882733  -38.961  0.87042
0.883033 -38.9358  0.87042
0.883333 -38.9107 0.870721
0.883634 -38.8857 0.871021
0.883934 -38.8607 0.871321
0.884234 -38.8357 0.871321
0.884535 -38.8107 0.871622
0.884835 -38.7858 0.871922
0.885135  -38.761 0.872222
0.885435 -38.7361 0.872222
0.885736 -38.7113 0.872523
0.886036 -38.6865 0.872823
0.886336 -38.6618 0.872823
0.886637 -38.6371 0.873123
0.886937 -38.6124 0.873423
0.887237 -38.5878 0.873724
0.887538 -38.5631 0.874024
0.887838 -38.5386 0.874024
0.888138  -38.514 0.874324
0.888438 -38.4894 0.874625
0.888739 -38.4649 0.874925
0.889039 -38.4405 0.875225
0.889339  -38.416 0.875225
 0.88964 -38.3916 0.875526
 0.88994 -38.3672 0.875826
 0.89024 -38.3428 0.876126
0.890541 -38.3184 0.876426
0.890841 -38.2941 0.876727
0.891141 -38.2698 0.876727
0.891441 -38.2456 0.877027
0.891742 -38.2213 0.877327
0.892042 -38.1971 0.877628
0.892342 -38.1729 0.877928
0.892643 -38.1488 0.877928
0.892943 -38.1246 0.878228
0.893243 -38.1005 0.878529
0.893544 -38.0764 0.878829
0.893844 -38.0524 0.879129
0.894144 -38.0283 0.879429
0.894444 -38.0043 0.879429
0.894745 -37.9804  0.87973
0.895045 -37.9564  0.88003
0.895345 -37.9325  0.88033
0.895646 -37.9086 0.880631
0.895946 -37.8847 0.880631
0.896246 -37.8609 0.880931
0.896547  -37.837 0.881231
0.896847 -37.8132 0.881532
0.897147 -37.7895 0.881832
0.897447 -37.7657 0.882132
0.897748  -37.742 0.882132
0.898048 -37.7183 0.882432
0.898348 -37.6946 0.882733
0.898649  -37.671 0.883033
0.898949 -37.6474 0.883333
0.899249 -37.6238 0.883333
 0.89955 -37.6002 0.883634
 0.89985 -37.5766 0.883934
 0.90015 -37.5531 0.884234
 0.90045 -37.5296 0.884535
0.900751 -37.5061 0.884835
0.901051 -37.4827 0.884835
0.901351 -37.4592 0.885135
0.901652 -37.4358 0.885435
0.901952 -37.4125 0.885736
0.902252 -37.3891 0.886036
0.902553 -37.3658 0.886036
0.902853 -37.3425 0.886336
0.903153 -37.3192 0.886637
0.903453  -37.296 0.886937
0.903754 -37.2727 0.887237
0.904054 -37.2495 0.887538
0.904354 -37.2263 0.887538
0.904655 -37.2032 0.887838
0.904955   -37.18 0.888138
0.905255 -37.1569 0.888438
0.905556 -37.1338 0.888739
0.905856 -37.1108 0.889039
0.906156 -37.0877 0.889039
0.906456 -37.0647 0.889339
0.906757 -37.0417  0.88964
0.907057 -37.0188  0.88994
0.907357 -36.9958  0.89024
0.907658 -36.9729 0.890541
0.907958   -36.95 0.890541
0.908258 -36.9271 0.890841
0.908559 -36.9042 0.891141
0.908859 -36.8814 0.891441
0.909159 -36.8586 0.891742
0.909459 -36.8358 0.892042
 0.90976  -36.813 0.892042
 0.91006 -36.7903 0.892342
 0.91036 -36.7676 0.892643
0.910661 -36.7449 0.892943
0.910961 -36.7222 0.893243
0.911261 -36.6995 0.893544
0.911562 -36.6769 0.893544
0.911862 -36.6543 0.893844
0.912162 -36.6317 0.894144
0.912462 -36.6091 0.894444
0.912763 -36.5866 0.894745
0.913063 -36.5641 0.895045
0.913363 -36.5416 0.895045
0.913664 -36.5191 0.895345
0.913964 -36.4966 0.895646
0.914264 -36.4742 0.895946
0.914565 -36.4518 0.896246
0.914865 -36.4294 0.896547
0.915165 -36.4071 0.896847
0.915465 -36.3847 0.896847
0.915766 -36.3624 0.897147
0.916066 -36.3401 0.897447
0.916366 -36.3178 0.897748
0.916667 -36.2955 0.898048
0.916967 -36.2733 0.898348
0.917267 -36.2511 0.898348
0.917568 -36.2289 0.898649
0.917868 -36.2067 0.898949
0.918168 -36.1845 0.899249
0.918468 -36.1624  0.89955
0.918769 -36.1403  0.89985
0.919069 -36.1182  0.89985
0.919369 -36.0962  0.90015
 0.91967 -36.0741  0.90045
 0.91997 -36.0521 0.900751
 0.92027 -36.0301 0.901051
0.920571 -36.0081 0.901351
0.920871 -35.9861 0.901652
0.921171 -35.9642 0.901652
0.921471 -35.9423 0.901952
0.921772 -35.9204 0.902252
0.922072 -35.8985 0.902553
0.922372 -35.8766 0.902853
0.922673 -35.8548 0.903153
0.922973  -35.833 0.903153
0.923273 -35.8112 0.903453
0.923574 -35.7894 0.903754
0.923874 -35.7677 0.904054
0.924174 -35.7459 0.904354
0.924474 -35.7242 0.904655
0.924775 -35.7026 0.904655
0.925075 -35.6809 0.904955
0.925375 -35.6592 0.905255
0.925676 -35.6376 0.905556
0.925976  -35.616 0.905856
0.926276 -35.5944 0.906156
0.926577 -35.5728 0.906456
0.926877 -35.5513 0.906456
0.927177 -35.5298 0.906757
0.927477 -35.5083 0.907057
0.927778 -35.4868 0.907357
0.928078 -35.4653 0.907658
0.928378 -35.4439 0.907958
0.928679 -35.4224 0.907958
0.928979  -35.401 0.908258
0.929279 -35.3796 0.908559
 0.92958 -35.3583 0.908859
 0.92988 -35.3369 0.909159
 0.93018 -35.3156 0.909459
 0.93048 -35.2943  0.90976
0.930781  -35.273  0.90976
0.931081 -35.2517  0.91006
0.931381 -35.2305  0.91036
0.931682 -35.2092 0.910661
0.931982  -35.188 0.910961
0.932282 -35.1668 0.911261
0.932583 -35.1457 0.911562
0.932883 -35.1245 0.911562
0.933183 -35.1034 0.911862
0.933483 -35.0823 0.912162
0.933784 -35.0612 0.912462
0.934084 -35.0401 0.912763
0.934384  -35.019 0.913063
0.934685  -34.998 0.913363
0.934985  -34.977 0.913363
0.935285 -34.9559 0.913664
0.935586  -34.935 0.913964
0.935886  -34.914 0.914264
0.936186  -34.893 0.914565
0.936486 -34.8721 0.914865
0.936787 -34.8512 0.915165
0.937087 -34.8303 0.915165
0.937387 -34.8094 0.915465
0.937688 -34.7886 0.915766
0.937988 -34.7677 0.916066
0.938288 -34.7469 0.916366
0.938589 -34.7261 0.916667
0.938889 -34.7053 0.916967
0.939189 -34.6845 0.917267
0.939489 -34.6638 0.917267
 0.93979 -34.6431 0.917568
 0.94009 -34.6223 0.917868
 0.94039 -34.6017 0.918168
0.940691  -34.581 0.918468
0.940991 -34.5603 0.918769
0.941291 -34.5397 0.919069
0.941592 -34.5191 0.919069
0.941892 -34.4985 0.919369
0.942192 -34.4779  0.91967
0.942492 -34.4573  0.91997
0.942793 -34.4368  0.92027
0.943093 -34.4162 0.920571
0.943393 -34.3957 0.920871
0.943694 -34.3752 0.920871
0.943994 -34.3547 0.921171
0.944294 -34.3343 0.921471
0.944595 -34.3138 0.921772
0.944895 -34.2934 0.922072
0.945195  -34.273 0.922372
0.945495 -34.2526 0.922673
0.945796 -34.2322 0.922973
0.946096 -34.2119 0.922973
0.946396 -34.1915 0.923273
0.946697 -34.1712 0.923574
0.946997 -34.1509 0.923874
0.947297 -34.1306 0.924174
0.947598 -34.1104 0.924474
0.947898 -34.0901 0.924775
0.948198 -34.0699 0.924775
0.948498 -34.0497 0.925075
0.948799 -34.0295 0.925375
0.949099 -34.0093 0.925676
0.949399 -33.9891 0.925976
  0.9497  -33.969 0.926276
    0.95 -33.9489 0.926577
  0.9503 -33.9288 0.926577
0.950601 -33.9087 0.926877
0.950901 -33.8886 0.927177
0.951201 -33.8685 0.927477
0.951502 -33.8485 0.927778
0.951802 -33.8285 0.928078
0.952102 -33.8085 0.928378
0.952402 -33.7885 0.928679
0.952703 -33.7685 0.928679
0.953003 -33.7485 0.928979
0.953303 -33.7286 0.929279
0.953604 -33.7087  0.92958
0.953904 -33.6888  0.92988
0.954204 -33.6689  0.93018
0.954505  -33.649  0.93048
0.954805 -33.6292  0.93048
0.955105 -33.6093 0.930781
0.955405 -33.5895 0.931081
0.955706 -33.5697 0.931381
0.956006 -33.5499 0.931682
0.956306 -33.5302 0.931982
0.956607 -33.5104 0.932282
0.956907 -33.4907 0.932282
0.957207 -33.4709 0.932583
0.957508 -33.4512 0.932883
0.957808 -33.4316 0.933183
0.958108 -33.4119 0.933483
0.958408 -33.3922 0.933784
0.958709 -33.3726 0.934084
0.959009  -33.353 0.934384
0.959309 -33.3334 0.934384
 0.95961 -33.3138 0.934685
 0.95991 -33.2942 0.934985
 0.96021 -33.2747 0.935285
0.960511 -33.2551 0.935586
0.960811 -33.2356 0.935886
0.961111 -33.2161 0.936186
0.961411 -33.1966 0.936486
0.961712 -33.1771 0.936486
0.962012 -33.1577 0.936787
0.962312 -33.1382 0.937087
0.962613 -33.1188 0.937387
0.962913 -33.0994 0.937688
0.963213   -33.08 0.937988
0.963514 -33.0607 0.938288
0.963814 -33.0413 0.938288
0.964114  -33.022 0.938589
0.964414 -33.0026 0.938889
0.964715 -32.9833 0.939189
0.965015  -32.964 0.939489
0.965315 -32.9447  0.93979
0.965616 -32.9255  0.94009
0.965916 -32.9062  0.94039
0.966216  -32.887  0.94039
0.966517 -32.8678 0.940691
0.966817 -32.8486 0.940991
0.967117 -32.8294 0.941291
0.967417 -32.8102 0.941592
0.967718 -32.7911 0.941892
0.968018  -32.772 0.942192
0.968318 -32.7528 0.942492
0.968619 -32.7337 0.942492
0.968919 -32.7146 0.942793
0.969219 -32.6956 0.943093
 0.96952 -32.6765 0.943393
 0.96982 -32.6575 0.943694
 0.97012 -32.6385 0.943994
 0.97042 -32.6194 0.944294
0.970721 -32.6005 0.944294
0.971021 -32.5815 0.944595
0.971321 -32.5625 0.944895
0.971622 -32.5436 0.945195
0.971922 -32.5246 0.945495
0.972222 -32.5057 0.945796
0.972523 -32.4868 0.946096
0.972823 -32.4679 0.946396
0.973123 -32.4491 0.946396
0.973423 -32.4302 0.946697
0.973724 -32.4114 0.946997
0.974024 -32.3926 0.947297
0.974324 -32.3737 0.947598
0.974625  -32.355 0.947898
0.974925 -32.3362 0.948198
0.975225 -32.3174 0.948498
0.975526 -32.2987 0.948498
0.975826   -32.28 0.948799
0.976126 -32.2612 0.949099
0.976426 -32.2425 0.949399
0.976727 -32.2239   0.9497
0.977027 -32.2052     0.95
0.977327 -32.1865   0.9503
0.977628 -32.1679 0.950601
0.977928 -32.1493 0.950601
0.978228 -32.1307 0.950901
0.978529 -32.1121 0.951201
0.978829 -32.0935 0.951502
0.979129 -32.0749 0.951802
0.979429 -32.0564 0.952102
 0.97973 -32.0379 0.952402
 0.98003 -32.0193 0.952402
 0.98033 -32.0008 0.952703
0.980631 -31.9824 0.953003
0.980931 -31.9639 0.953303
0.981231 -31.9454 0.953604
0.981532  -31.927 0.953904
0.981832 -31.9086 0.954204
0.982132 -31.8902 0.954505
0.982432 -31.8718 0.954505
0.982733 -31.8534 0.954805
0.983033  -31.835 0.955105
0.983333 -31.8166 0.955405
0.983634 -31.7983 0.955706
0.983934   -31.78 0.956006
0.984234 -31.7617 0.956306
0.984535 -31.7434 0.956607
0.984835 -31.7251 0.956607
0.985135 -31.7068 0.956907
0.985435 -31.6886 0.957207
0.985736 -31.6704 0.957508
0.986036 -31.6521 0.957808
0.986336 -31.6339 0.958108
0.986637 -31.6158 0.958408
0.986937 -31.5976 0.958709
0.987237 -31.5794 0.958709
0.987538 -31.5613 0.959009
0.987838 -31.5431 0.959309
0.988138  -31.525  0.95961
0.988438 -31.5069  0.95991
0.988739 -31.4888  0.96021
0.989039 -31.4708 0.960511
0.989339 -31.4527 0.960811
 0.98964 -31.4346 0.960811
 0.98994 -31.4166 0.961111
 0.99024 -31.3986 0.961411
0.990541 -31.3806 0.961712
0.990841 -31.3626 0.962012
0.991141 -31.3446 0.962312
0.991441 -31.3267 0.962613
0.991742 -31.3087 0.962913
0.992042 -31.2908 0.962913
0.992342 -31.2729 0.963213
0.992643  -31.255 0.963514
0.992943 -31.2371 0.963814
0.993243 -31.2192 0.964114
0.993544 -31.2014 0.964414
0.993844 -31.1835 0.964715
0.994144 -31.1657 0.964715
0.994444 -31.1479 0.965015
0.994745 -31.1301 0.965315
0.995045 -31.1123 0.965616
0.995345 -31.0945 0.965916
0.995646 -31.0767 0.966216
0.995946  -31.059 0.966517
0.996246 -31.0413 0.966817
0.996547 -31.0236 0.966817
0.996847 -31.0058 0.967117
0.997147 -30.9882 0.967417
0.997447 -30.9705 0.967718
0.997748 -30.9528 0.968018
0.998048 -30.9352 0.968318
0.998348 -30.9175 0.968619
0.998649 -30.8999 0.968919
0.998949 -30.8823 0.968919
0.999249 -30.8647 0.969219
 0.99955 -30.8471  0.96952
 0.99985 -30.8296  0.96982
 1.00015  -30.812  0.97012
 1.00045 -30.7945  0.97042
 1.00075  -30.777 0.970721
 1.00105 -30.7595 0.971021
 1.00135  -30.742 0.971021
 1.00165 -30.7245 0.971321
 1.00195  -30.707 0.971622
 1.00225 -30.6896 0.971922
 1.00255 -30.6721 0.972222
 1.00285 -30.6547 0.972523
 1.00315 -30.6373 0.972823
 1.00345 -30.6199 0.973123
 1.00375 -30.6025 0.973123
 1.00405 -30.5851 0.973423
 1.00435 -30.5678 0.973724
 1.00465 -30.5504 0.974024
 1.00495 -30.5331 0.974324
 1.00526 -30.5158 0.974625
 1.00556 -30.4985 0.974925
 1.00586 -30.4812 0.975225
 1.00616 -30.4639 0.975225
 1.00646 -30.4466 0.975526
 1.00676 -30.4294 0.975826
 1.00706 -30.4122 0.976126
 1.00736 -30.3949 0.976426
 1.00766 -30.3777 0.976727
 1.00796 -30.3605 0.977027
 1.00826 -30.3434 0.977327
 1.00856 -30.3262 0.977327
 1.00886  -30.309 0.977628
 1.00916 -30.2919 0.977928
 1.00946 -30.2748 0.978228
 1.00976 -30.2576 0.978529
 1.01006 -30.2405 0.978829
 1.01036 -30.2235 0.979129
 1.01066 -30.2064 0.979429
 1.01096 -30.1893 0.979429
 1.01126 -30.1723  0.97973
 1.01156 -30.1552  0.98003
 1.01186 -30.1382  0.98033
 1.01216 -30.1212 0.980631
 1.01246 -30.1042 0.980931
 1.01276 -30.0872 0.981231
 1.01306 -30.0703 0.981532
 1.01336 -30.0533 0.981532
 1.01366 -30.0364 0.981832
 1.01396 -30.0194 0.982132
 1.01426 -30.0025 0.982432
 1.01456 -29.9856 0.982733
 1.01486 -29.9687 0.983033
 1.01517 -29.9519 0.983333
 1.01547  -29.935 0.983634
 1.01577 -29.9181 0.983634
 1.01607 -29.9013 0.983934
 1.01637 -29.8845 0.984234
 1.01667 -29.8677 0.984535
 1.01697 -29.8509 0.984835
 1.01727 -29.8341 0.985135
 1.01757 -29.8173 0.985435
 1.01787 -29.8006 0.985736
 1.01817 -29.7838 0.985736
 1.01847 -29.7671 0.986036
 1.01877 -29.7503 0.986336
 1.01907 -29.7336 0.986637
 1.01937 -29.7169 0.986937
 1.01967 -29.7003 0.987237
 1.01997 -29.6836 0.987538
 1.02027 -29.6669 0.987838
 1.02057 -29.6503 0.987838
 1.02087 -29.6337 0.988138
 1.02117  -29.617 0.988438
 1.02147 -29.6004 0.988739
 1.02177 -29.5838 0.989039
 1.02207 -29.5673 0.989339
 1.02237 -29.5507  0.98964
 1.02267 -29.5342  0.98994
 1.02297 -29.5176  0.98994
 1.02327 -29.5011  0.99024
 1.02357 -29.4846 0.990541
 1.02387 -29.4681 0.990841
 1.02417 -29.4516 0.991141
 1.02447 -29.4351 0.991441
 1.02477 -29.4186 0.991742
 1.02508 -29.4022 0.992042
 1.02538 -29.3858 0.992042
 1.02568 -29.3693 0.992342
 1.02598 -29.3529 0.992643
 1.02628 -29.3365 0.992943
 1.02658 -29.3201 0.993243
 1.02688 -29.3037 0.993544
 1.02718 -29.2874 0.993844
 1.02748  -29.271 0.994144
 1.02778 -29.2547 0.994144
 1.02808 -29.2384 0.994444
 1.02838  -29.222 0.994745
 1.02868 -29.2057 0.995045
 1.02898 -29.1895 0.995345
 1.02928 -29.1732 0.995646
 1.02958 -29.1569 0.995946
 1.02988 -29.1407 0.996246
 1.03018 -29.1244 0.996246
 1.03048 -29.1082 0.996547
 1.03078  -29.092 0.996847
 1.03108 -29.0758 0.997147
 1.03138 -29.0596 0.997447
 1.03168 -29.0434 0.997748
 1.03198 -29.0273 0.998048
 1.03228 -29.0111 0.998348
 1.03258  -28.995 0.998348
 1.03288 -28.9788 0.998649
 1.03318 -28.9627 0.998949
 1.03348 -28.9466 0.999249
 1.03378 -28.9305  0.99955
 1.03408 -28.9145  0.99985
 1.03438 -28.8984  1.00015
 1.03468 -28.8823  1.00045
 1.03498 -28.8663  1.00075
 1.03529 -28.8503  1.00075
 1.03559 -28.8342  1.00105
 1.03589 -28.8182  1.00135
 1.03619 -28.8022  1.00165
 1.03649 -28.7863  1.00195
 1.03679 -28.7703  1.00225
 1.03709 -28.7543  1.00255
 1.03739 -28.7384  1.00285
 1.03769 -28.7225  1.00285
 1.03799 -28.7065  1.00315
 1.03829 -28.6906  1.00345
 1.03859 -28.6747  1.00375
 1.03889 -28.6589  1.00405
 1.03919  -28.643  1.00435
 1.03949 -28.6271  1.00465
 1.03979 -28.6113  1.00465
 1.04009 -28.5954  1.00495
 1.04039 -28.5796  1.00526
 1.04069 -28.5638  1.00556
 1.04099  -28.548  1.00586
 1.04129 -28.5322  1.00616
 1.04159 -28.5164  1.00646
 1.04189 -28.5007  1.00676
 1.04219 -28.4849  1.00706
 1.04249 -28.4692  1.00706
 1.04279 -28.4535  1.00736
 1.04309 -28.4377  1.00766
 1.04339  -28.422  1.00796
 1.04369 -28.4063  1.00826
 1.04399 -28.3907  1.00856
 1.04429  -28.375  1.00886
 1.04459 -28.3593  1.00886
 1.04489 -28.3437  1.00916
  1.0452 -28.3281  1.00946
  1.0455 -28.3124  1.00976
  1.0458 -28.2968  1.01006
  1.0461 -28.2812  1.01036
  1.0464 -28.2656  1.01066
  1.0467 -28.2501  1.01096
   1.047 -28.2345  1.01096
  1.0473  -28.219  1.01126
  1.0476 -28.2034  1.01156
  1.0479 -28.1879  1.01186
  1.0482 -28.1724  1.01216
  1.0485 -28.1569  1.01246
  1.0488 -28.1414  1.01276
  1.0491 -28.1259  1.01306
  1.0494 -28.1104  1.01336
  1.0497  -28.095  1.01336
    1.05 -28.0795  1.01366
  1.0503 -28.0641  1.01396
  1.0506 -28.0487  1.01426
  1.0509 -28.0333  1.01456
  1.0512 -28.0179  1.01486
  1.0515 -28.0025  1.01517
  1.0518 -27.9871  1.01547
  1.0521 -27.9717  1.01547
  1.0524 -27.9564  1.01577
  1.0527  -27.941  1.01607
   1.053 -27.9257  1.01637
  1.0533 -27.9104  1.01667
  1.0536 -27.8951  1.01697
  1.0539 -27.8798  1.01727
  1.0542 -27.8645  1.01757
  1.0545 -27.8492  1.01757
  1.0548  -27.834  1.01787
 1.05511 -27.8187  1.01817
 1.05541 -27.8035  1.01847
 1.05571 -27.7882  1.01877
 1.05601  -27.773  1.01907
 1.05631 -27.7578  1.01937
 1.05661 -27.7426  1.01967
 1.05691 -27.7274  1.01967
 1.05721 -27.7123  1.01997
 1.05751 -27.6971  1.02027
 1.05781  -27.682  1.02057
 1.05811 -27.6668  1.02087
 1.05841 -27.6517  1.02117
 1.05871 -27.6366  1.02147
 1.05901 -27.6215  1.02177
 1.05931 -27.6064  1.02177
 1.05961 -27.5913  1.02207
 1.05991 -27.5762  1.02237
 1.06021 -27.5612  1.02267
 1.06051 -27.5461  1.02297
 1.06081 -27.5311  1.02327
 1.06111 -27.5161  1.02357
 1.06141 -27.5011  1.02387
 1.06171 -27.4861  1.02387
 1.06201 -27.4711  1.02417
 1.06231 -27.4561  1.02447
 1.06261 -27.4411  1.02477
 1.06291 -27.4262  1.02508
 1.06321 -27.4112  1.02538
 1.06351 -27.3963  1.02568
 1.06381 -27.3814  1.02598
 1.06411 -27.3664  1.02598
 1.06441 -27.3515  1.02628
 1.06471 -27.3366  1.02658
 1.06502 -27.3218  1.02688
 1.06532 -27.3069  1.02718
 1.06562  -27.292  1.02748
 1.06592 -27.2772  1.02778
 1.06622 -27.2624  1.02808
 1.06652 -27.2475  1.02808
 1.06682 -27.2327  1.02838
 1.06712 -27.2179  1.02868
 1.06742 -27.2031  1.02898
 1.06772 -27.1883  1.02928
 1.06802 -27.1736  1.02958
 1.06832 -27.1588  1.02988
 1.06862 -27.1441  1.03018
 1.06892 -27.1293  1.03018
 1.06922 -27.1146  1.03048
 1.06952 -27.0999  1.03078
 1.06982 -27.0852  1.03108
 1.07012 -27.0705  1.03138
 1.07042 -27.0558  1.03168
 1.07072 -27.0411  1.03198
 1.07102 -27.0265  1.03228
 1.07132 -27.0118  1.03228
 1.07162 -26.9972  1.03258
 1.07192 -26.9825  1.03288
 1.07222 -26.9679  1.03318
 1.07252 -26.9533  1.03348
 1.07282 -26.9387  1.03378
 1.07312 -26.9241  1.03408
 1.07342 -26.9096  1.03438
 1.07372  -26.895  1.03438
 1.07402 -26.8804  1.03468
 1.07432 -26.8659  1.03498
 1.07462 -26.8514  1.03529
 1.07492 -26.8368  1.03559
 1.07523 -26.8223  1.03589
 1.07553 -26.8078  1.03619
 1.07583 -26.7933  1.03649
 1.07613 -26.7789  1.03649
 1.07643 -26.7644  1.03679
 1.07673 -26.7499  1.03709
 1.07703 -26.7355  1.03739
 1.07733 -26.7211  1.03769
 1.07763 -26.7066  1.03799
 1.07793 -26.6922  1.03829
 1.07823 -26.6778  1.03859
 1.07853 -26.6634  1.03859
 1.07883  -26.649  1.03889
 1.07913 -26.6347  1.03919
 1.07943 -26.6203  1.03949
 1.07973 -26.6059  1.03979
 1.08003 -26.5916  1.04009
 1.08033 -26.5773  1.04039
 1.08063 -26.5629  1.04069
 1.08093 -26.5486  1.04069
 1.08123 -26.5343  1.04099
 1.08153 -26.5201  1.04129
 1.08183 -26.5058  1.04159
 1.08213 -26.4915  1.04189
 1.08243 -26.4772  1.04219
 1.08273  -26.463  1.04249
 1.08303 -26.4488  1.04279
 1.08333 -26.4345  1.04279
 1.08363 -26.4203  1.04309
 1.08393 -26.4061  1.04339
 1.08423 -26.3919  1.04369
 1.08453 -26.3777  1.04399
 1.08483 -26.3636  1.04429
 1.08514 -26.3494  1.04459
 1.08544 -26.3352  1.04489
 1.08574 -26.3211  1.04489
 1.08604  -26.307   1.0452
 1.08634 -26.2928   1.0455
 1.08664 -26.2787   1.0458
 1.08694 -26.2646   1.0461
 1.08724 -26.2505   1.0464
 1.08754 -26.2365   1.0467
 1.08784 -26.2224    1.047
 1.08814 -26.2083    1.047
 1.08844 -26.1943   1.0473
 1.08874 -26.1802   1.0476
 1.08904 -26.1662   1.0479
 1.08934 -26.1522   1.0482
 1.08964 -26.1382   1.0485
 1.08994 -26.1242   1.0488
 1.09024 -26.1102   1.0491
 1.09054 -26.0962   1.0491
 1.09084 -26.0822   1.0494
 1.09114 -26.0683   1.0497
 1.09144 -26.0543     1.05
 1.09174 -26.0404   1.0503
 1.09204 -26.0265   1.0506
 1.09234 -26.0125   1.0509
 1.09264 -25.9986   1.0512
 1.09294 -25.9847   1.0512
 1.09324 -25.9708   1.0515
 1.09354  -25.957   1.0518
 1.09384 -25.9431   1.0521
 1.09414 -25.9292   1.0524
 1.09444 -25.9154   1.0527
 1.09474 -25.9015    1.053
 1.09505 -25.8877   1.0533
 1.09535 -25.8739   1.0536
 1.09565 -25.8601   1.0536
 1.09595 -25.8463   1.0539
 1.09625 -25.8325   1.0542
 1.09655 -25.8187   1.0545
 1.09685  -25.805   1.0548
 1.09715 -25.7912  1.05511
 1.09745 -25.7775  1.05541
 1.09775 -25.7637  1.05571
 1.09805   -25.75  1.05571
 1.09835 -25.7363  1.05601
 1.09865 -25.7226  1.05631
 1.09895 -25.7089  1.05661
 1.09925 -25.6952  1.05691
 1.09955 -25.6815  1.05721
 1.09985 -25.6678  1.05751
 1.10015 -25.6542  1.05781
 1.10045 -25.6405  1.05781
 1.10075 -25.6269  1.05811
 1.10105 -25.6132  1.05841
 1.10135 -25.5996  1.05871
 1.10165  -25.586  1.05901
 1.10195 -25.5724  1.05931
 1.10225 -25.5588  1.05961
 1.10255 -25.5453  1.05991
 1.10285 -25.5317  1.05991
 1.10315 -25.5181  1.06021
 1.10345 -25.5046  1.06051
 1.10375  -25.491  1.06081
 1.10405 -25.4775  1.06111
 1.10435  -25.464  1.06141
 1.10465 -25.4505  1.06171
 1.10495  -25.437  1.06201
 1.10526 -25.4235  1.06201
 1.10556   -25.41  1.06231
 1.10586 -25.3965  1.06261
 1.10616  -25.383  1.06291
 1.10646 -25.3696  1.06321
 1.10676 -25.3561  1.06351
 1.10706 -25.3427  1.06381
 1.10736 -25.3293  1.06411
 1.10766 -25.3159  1.06411
 1.10796 -25.3025  1.06441
 1.10826 -25.2891  1.06471
 1.10856 -25.2757  1.06502
 1.10886 -25.2623  1.06532
 1.10916 -25.2489  1.06562
 1.10946 -25.2356  1.06592
 1.10976 -25.2222  1.06622
 1.11006 -25.2089  1.06622
 1.11036 -25.1956  1.06652
 1.11066 -25.1823  1.06682
 1.11096 -25.1689  1.06712
 1.11126 -25.1556  1.06742
 1.11156 -25.1424  1.06772
 1.11186 -25.1291  1.06802
 1.11216 -25.1158  1.06832
 1.11246 -25.1025  1.06832
 1.11276 -25.0893  1.06862
 1.11306  -25.076  1.06892
 1.11336 -25.0628  1.06922
 1.11366 -25.0496  1.06952
 1.11396 -25.0364  1.06982
 1.11426 -25.0232  1.07012
 1.11456   -25.01  1.07042
 1.11486 -24.9968  1.07042
 1.11517 -24.9836  1.07072
 1.11547 -24.9704  1.07102
 1.11577 -24.9573  1.07132
 1.11607 -24.9441  1.07162
 1.11637  -24.931  1.07192
 1.11667 -24.9179  1.07222
 1.11697 -24.9047  1.07252
 1.11727 -24.8916  1.07252
 1.11757 -24.8785  1.07282
 1.11787 -24.8654  1.07312
 1.11817 -24.8524  1.07342
 1.11847 -24.8393  1.07372
 1.11877 -24.8262  1.07402
 1.11907 -24.8132  1.07432
 1.11937 -24.8001  1.07462
 1.11967 -24.7871  1.07462
 1.11997 -24.7741  1.07492
 1.12027  -24.761  1.07523
 1.12057  -24.748  1.07553
 1.12087  -24.735  1.07583
 1.12117  -24.722  1.07613
 1.12147 -24.7091  1.07643
 1.12177 -24.6961  1.07673
 1.12207 -24.6831  1.07673
 1.12237 -24.6702  1.07703
 1.12267 -24.6572  1.07733
 1.12297 -24.6443  1.07763
 1.12327 -24.6314  1.07793
 1.12357 -24.6184  1.07823
 1.12387 -24.6055  1.07853
 1.12417 -24.5926  1.07883
 1.12447 -24.5798  1.07883
 1.12477 -24.5669  1.07913
 1.12508  -24.554  1.07943
 1.12538 -24.5411  1.07973
 1.12568 -24.5283  1.08003
 1.12598 -24.5154  1.08033
 1.12628 -24.5026  1.08063
 1.12658 -24.4898  1.08093
 1.12688  -24.477  1.08093
 1.12718 -24.4642  1.08123
 1.12748 -24.4514  1.08153
 1.12778 -24.4386  1.08183
 1.12808 -24.4258  1.08213
 1.12838  -24.413  1.08243
 1.12868 -24.4003  1.08273
 1.12898 -24.3875  1.08303
 1.12928 -24.3748  1.08303
 1.12958  -24.362  1.08333
 1.12988 -24.3493  1.08363
 1.13018 -24.3366  1.08393
 1.13048 -24.3239  1.08423
 1.13078 -24.3112  1.08453
 1.13108 -24.2985  1.08483
 1.13138 -24.2858  1.08514
 1.13168 -24.2731  1.08514
 1.13198 -24.2605  1.08544
 1.13228 -24.2478  1.08574
 1.13258 -24.2352  1.08604
 1.13288 -24.2225  1.08634
 1.13318 -24.2099  1.08664
 1.13348 -24.1973  1.08694
 1.13378 -24.1847  1.08724
 1.13408 -24.1721  1.08724
 1.13438 -24.1595  1.08754
 1.13468 -24.1469  1.08784
 1.13498 -24.1343  1.08814
 1.13529 -24.1218  1.08844
 1.13559 -24.1092  1.08874
 1.13589 -24.0967  1.08904
 1.13619 -24.0841  1.08934
 1.13649 -24.0716  1.08934
 1.13679 -24.0591  1.08964
 1.13709 -24.0466  1.08994
 1.13739 -24.0341  1.09024
 1.13769 -24.0216  1.09054
 1.13799 -24.0091  1.09084
 1.13829 -23.9966  1.09114
 1.13859 -23.9841  1.09144
 1.13889 -23.9717  1.09144
 1.13919 -23.9592  1.09174
 1.13949 -23.9468  1.09204
 1.13979 -23.9344  1.09234
 1.14009 -23.9219  1.09264
 1.14039 -23.9095  1.09294
 1.14069 -23.8971  1.09324
 1.14099 -23.8847  1.09354
 1.14129 -23.8723  1.09354
 1.14159 -23.8599  1.09384
 1.14189 -23.8476  1.09414
 1.14219 -23.8352  1.09444
 1.14249 -23.8229  1.09474
 1.14279 -23.8105  1.09505
 1.14309 -23.7982  1.09535
 1.14339 -23.7858  1.09565
 1.14369 -23.7735  1.09565
 1.14399 -23.7612  1.09595
 1.14429 -23.7489  1.09625
 1.14459 -23.7366  1.09655
 1.14489 -23.7243  1.09685
  1.1452  -23.712  1.09715
  1.1455 -23.6998  1.09745
  1.1458 -23.6875  1.09775
  1.1461 -23.6753  1.09775
  1.1464  -23.663  1.09805
  1.1467 -23.6508  1.09835
   1.147 -23.6386  1.09865
  1.1473 -23.6263  1.09895
  1.1476 -23.6141  1.09925
  1.1479 -23.6019  1.09955
  1.1482 -23.5898  1.09985
  1.1485 -23.5776  1.09985
  1.1488 -23.5654  1.10015
  1.1491 -23.5532  1.10045
  1.1494 -23.5411  1.10075
  1.1497 -23.5289  1.10105
    1.15 -23.5168  1.10135