 kgrid  ValNew  Policy 
    0.85  -14.661 0.853303
  0.8503 -14.6362 0.853604
0.850601 -14.6114 0.853604
0.850901 -14.5867 0.853904
0.851201  -14.562 0.853904
0.851502 -14.5374 0.854204
0.851802 -14.5129 0.854204
0.852102 -14.4884 0.854505
0.852402 -14.4639 0.854505
0.852703 -14.4395 0.854805
0.853003 -14.4152 0.854805
0.853303 -14.3909 0.855105
0.853604 -14.3667 0.855405
0.853904 -14.3425 0.855405
0.854204 -14.3184 0.855706
0.854505 -14.2943 0.855706
0.854805 -14.2702 0.856006
0.855105 -14.2463 0.856006
0.855405 -14.2223 0.856306
0.855706 -14.1985 0.856306
0.856006 -14.1746 0.856607
0.856306 -14.1509 0.856607
0.856607 -14.1271 0.856907
0.856907 -14.1035 0.856907
0.857207 -14.0798 0.857207
0.857508 -14.0563 0.857207
0.857808 -14.0327 0.857508
0.858108 -14.0093 0.857508
0.858408 -13.9858 0.857808
0.858709 -13.9625 0.857808
0.859009 -13.9391 0.858108
0.859309 -13.9159 0.858108
 0.85961 -13.8926 0.858408
 0.85991 -13.8695 0.858709
 0.86021 -13.8463 0.858709
0.860511 -13.8233 0.859009
0.860811 -13.8002 0.859009
0.861111 -13.7773 0.859309
0.861411 -13.7543 0.859309
0.861712 -13.7315  0.85961
0.862012 -13.7086  0.85961
0.862312 -13.6858  0.85991
0.862613 -13.6631  0.85991
0.862913 -13.6404  0.86021
0.863213 -13.6178  0.86021
0.863514 -13.5952 0.860511
0.863814 -13.5726 0.860511
0.864114 -13.5501 0.860811
0.864414 -13.5277 0.860811
0.864715 -13.5053 0.861111
0.865015 -13.4829 0.861111
0.865315 -13.4606 0.861411
0.865616 -13.4384 0.861712
0.865916 -13.4161 0.861712
0.866216  -13.394 0.862012
0.866517 -13.3719 0.862012
0.866817 -13.3498 0.862312
0.867117 -13.3278 0.862312
0.867417 -13.3058 0.862613
0.867718 -13.2838 0.862613
0.868018  -13.262 0.862913
0.868318 -13.2401 0.862913
0.868619 -13.2183 0.863213
0.868919 -13.1966 0.863213
0.869219 -13.1749 0.863514
 0.86952 -13.1532 0.863514
 0.86982 -13.1316 0.863814
 0.87012   -13.11 0.863814
 0.87042 -13.0885 0.864114
0.870721  -13.067 0.864114
0.871021 -13.0456 0.864414
0.871321 -13.0242 0.864414
0.871622 -13.0028 0.864715
0.871922 -12.9815 0.865015
0.872222 -12.9603 0.865015
0.872523 -12.9391 0.865315
0.872823 -12.9179 0.865315
0.873123 -12.8968 0.865616
0.873423 -12.8757 0.865616
0.873724 -12.8547 0.865916
0.874024 -12.8337 0.865916
0.874324 -12.8127 0.866216
0.874625 -12.7918 0.866216
0.874925 -12.7709 0.866517
0.875225 -12.7501 0.866517
0.875526 -12.7293 0.866817
0.875826 -12.7086 0.866817
0.876126 -12.6879 0.867117
0.876426 -12.6673 0.867117
0.876727 -12.6467 0.867417
0.877027 -12.6261 0.867417
0.877327 -12.6056 0.867718
0.877628 -12.5851 0.867718
0.877928 -12.5647 0.868018
0.878228 -12.5443 0.868318
0.878529 -12.5239 0.868318
0.878829 -12.5036 0.868619
0.879129 -12.4834 0.868619
0.879429 -12.4632 0.868919
 0.87973  -12.443 0.868919
 0.88003 -12.4228 0.869219
 0.88033 -12.4027 0.869219
0.880631 -12.3827  0.86952
0.880931 -12.3627  0.86952
0.881231 -12.3427  0.86982
0.881532 -12.3227  0.86982
0.881832 -12.3029  0.87012
0.882132  -12.283  0.87012
0.882432 -12.2632  0.87042
0.882733 -12.2434  0.87042
0.883033 -12.2237 0.870721
0.883333  -12.204 0.870721
0.883634 -12.1843 0.871021
0.883934 -12.1648 0.871021
0.884234 -12.1452 0.871321
0.884535 -12.1257 0.871622
0.884835 -12.1062 0.871622
0.885135 -12.0867 0.871922
0.885435 -12.0673 0.871922
0.885736 -12.0479 0.872222
0.886036 -12.0286 0.872222
0.886336 -12.0093 0.872523
0.886637 -11.9901 0.872523
0.886937 -11.9708 0.872823
0.887237 -11.9517 0.872823
0.887538 -11.9325 0.873123
0.887838 -11.9134 0.873123
0.888138 -11.8944 0.873423
0.888438 -11.8754 0.873423
0.888739 -11.8564 0.873724
0.889039 -11.8375 0.873724
0.889339 -11.8185 0.874024
 0.88964 -11.7997 0.874024
 0.88994 -11.7809 0.874324
 0.89024 -11.7621 0.874625
0.890541 -11.7433 0.874625
0.890841 -11.7246 0.874925
0.891141 -11.7059 0.874925
0.891441 -11.6873 0.875225
0.891742 -11.6687 0.875225
0.892042 -11.6502 0.875526
0.892342 -11.6316 0.875526
0.892643 -11.6132 0.875826
0.892943 -11.5947 0.875826
0.893243 -11.5763 0.876126
0.893544 -11.5579 0.876126
0.893844 -11.5396 0.876426
0.894144 -11.5213 0.876426
0.894444  -11.503 0.876727
0.894745 -11.4848 0.876727
0.895045 -11.4666 0.877027
0.895345 -11.4485 0.877027
0.895646 -11.4304 0.877327
0.895946 -11.4123 0.877327
0.896246 -11.3942 0.877628
0.896547 -11.3762 0.877628
0.896847 -11.3583 0.877928
0.897147 -11.3403 0.878228
0.897447 -11.3224 0.878228
0.897748 -11.3046 0.878529
0.898048 -11.2868 0.878529
0.898348  -11.269 0.878829
0.898649 -11.2512 0.878829
0.898949 -11.2335 0.879129
0.899249 -11.2158 0.879129
 0.89955 -11.1982 0.879429
 0.89985 -11.1806 0.879429
 0.90015  -11.163  0.87973
 0.90045 -11.1454  0.87973
0.900751 -11.1279  0.88003
0.901051 -11.1105  0.88003
0.901351  -11.093  0.88033
0.901652 -11.0756  0.88033
0.901952 -11.0583 0.880631
0.902252 -11.0409 0.880631
0.902553 -11.0236 0.880931
0.902853 -11.0064 0.880931
0.903153 -10.9891 0.881231
0.903453  -10.972 0.881532
0.903754 -10.9548 0.881532
0.904054 -10.9377 0.881832
0.904354 -10.9206 0.881832
0.904655 -10.9035 0.882132
0.904955 -10.8865 0.882132
0.905255 -10.8695 0.882432
0.905556 -10.8525 0.882432
0.905856 -10.8356 0.882733
0.906156 -10.8187 0.882733
0.906456 -10.8019 0.883033
0.906757 -10.7851 0.883033
0.907057 -10.7683 0.883333
0.907357 -10.7515 0.883333
0.907658 -10.7348 0.883634
0.907958 -10.7181 0.883634
0.908258 -10.7014 0.883934
0.908559 -10.6848 0.883934
0.908859 -10.6682 0.884234
0.909159 -10.6517 0.884234
0.909459 -10.6351 0.884535
 0.90976 -10.6187 0.884835
 0.91006 -10.6022 0.884835
 0.91036 -10.5858 0.885135
0.910661 -10.5694 0.885135
0.910961  -10.553 0.885435
0.911261 -10.5367 0.885435
0.911562 -10.5204 0.885736
0.911862 -10.5041 0.885736
0.912162 -10.4879 0.886036
0.912462 -10.4717 0.886036
0.912763 -10.4555 0.886336
0.913063 -10.4394 0.886336
0.913363 -10.4233 0.886637
0.913664 -10.4072 0.886637
0.913964 -10.3912 0.886937
0.914264 -10.3751 0.886937
0.914565 -10.3592 0.887237
0.914865 -10.3432 0.887237
0.915165 -10.3273 0.887538
0.915465 -10.3114 0.887538
0.915766 -10.2955 0.887838
0.916066 -10.2797 0.888138
0.916366 -10.2639 0.888138
0.916667 -10.2482 0.888438
0.916967 -10.2324 0.888438
0.917267 -10.2167 0.888739
0.917568 -10.2011 0.888739
0.917868 -10.1854 0.889039
0.918168 -10.1698 0.889039
0.918468 -10.1542 0.889339
0.918769 -10.1387 0.889339
0.919069 -10.1232  0.88964
0.919369 -10.1077  0.88964
 0.91967 -10.0922  0.88994
 0.91997 -10.0768  0.88994
 0.92027 -10.0614  0.89024
0.920571  -10.046  0.89024
0.920871 -10.0307 0.890541
0.921171 -10.0154 0.890541
0.921471 -10.0001 0.890841
0.921772 -9.98487 0.890841
0.922072 -9.96964 0.891141
0.922372 -9.95446 0.891441
0.922673 -9.93929 0.891441
0.922973 -9.92416 0.891742
0.923273 -9.90905 0.891742
0.923574 -9.89399 0.892042
0.923874 -9.87894 0.892042
0.924174 -9.86393 0.892342
0.924474 -9.84894 0.892342
0.924775 -9.83399 0.892643
0.925075 -9.81906 0.892643
0.925375 -9.80416 0.892943
0.925676 -9.78929 0.892943
0.925976 -9.77445 0.893243
0.926276 -9.75964 0.893243
0.926577 -9.74485 0.893544
0.926877  -9.7301 0.893544
0.927177 -9.71537 0.893844
0.927477 -9.70068 0.893844
0.927778   -9.686 0.894144
0.928078 -9.67137 0.894144
0.928378 -9.65675 0.894444
0.928679 -9.64217 0.894444
0.928979  -9.6276 0.894745
0.929279 -9.61308 0.895045
 0.92958 -9.59857 0.895045
 0.92988  -9.5841 0.895345
 0.93018 -9.56965 0.895345
 0.93048 -9.55524 0.895646
0.930781 -9.54084 0.895646
0.931081 -9.52648 0.895946
0.931381 -9.51214 0.895946
0.931682 -9.49784 0.896246
0.931982 -9.48356 0.896246
0.932282  -9.4693 0.896547
0.932583 -9.45508 0.896547
0.932883 -9.44088 0.896847
0.933183 -9.42671 0.896847
0.933483 -9.41256 0.897147
0.933784 -9.39845 0.897147
0.934084 -9.38435 0.897447
0.934384 -9.37029 0.897447
0.934685 -9.35625 0.897748
0.934985 -9.34225 0.897748
0.935285 -9.32825 0.898048
0.935586 -9.31431 0.898348
0.935886 -9.30037 0.898348
0.936186 -9.28647 0.898649
0.936486 -9.27259 0.898649
0.936787 -9.25874 0.898949
0.937087 -9.24491 0.898949
0.937387 -9.23112 0.899249
0.937688 -9.21734 0.899249
0.937988  -9.2036  0.89955
0.938288 -9.18987  0.89955
0.938589 -9.17618  0.89985
0.938889 -9.16251  0.89985
0.939189 -9.14887  0.90015
0.939489 -9.13525  0.90015
 0.93979 -9.12166  0.90045
 0.94009  -9.1081  0.90045
 0.94039 -9.09456 0.900751
0.940691 -9.08105 0.900751
0.940991 -9.06756 0.901051
0.941291  -9.0541 0.901051
0.941592 -9.04066 0.901351
0.941892 -9.02725 0.901351
0.942192 -9.01386 0.901652
0.942492  -9.0005 0.901952
0.942793 -8.98716 0.901952
0.943093 -8.97386 0.902252
0.943393 -8.96056 0.902252
0.943694 -8.94731 0.902553
0.943994 -8.93407 0.902553
0.944294 -8.92086 0.902853
0.944595 -8.90767 0.902853
0.944895 -8.89451 0.903153
0.945195 -8.88137 0.903153
0.945495 -8.86826 0.903453
0.945796 -8.85518 0.903453
0.946096 -8.84211 0.903754
0.946396 -8.82908 0.903754
0.946697 -8.81606 0.904054
0.946997 -8.80307 0.904054
0.947297 -8.79011 0.904354
0.947598 -8.77717 0.904354
0.947898 -8.76425 0.904655
0.948198 -8.75136 0.904655
0.948498 -8.73849 0.904955
0.948799 -8.72565 0.904955
0.949099 -8.71282 0.905255
0.949399 -8.70004 0.905556
  0.9497 -8.68726 0.905556
    0.95 -8.67451 0.905856
  0.9503 -8.66178 0.905856
0.950601 -8.64909 0.906156
0.950901 -8.63641 0.906156
0.951201 -8.62376 0.906456
0.951502 -8.61112 0.906456
0.951802 -8.59852 0.906757
0.952102 -8.58594 0.906757
0.952402 -8.57338 0.907057
0.952703 -8.56084 0.907057
0.953003 -8.54833 0.907357
0.953303 -8.53584 0.907357
0.953604 -8.52337 0.907658
0.953904 -8.51093 0.907658
0.954204 -8.49851 0.907958
0.954505 -8.48612 0.907958
0.954805 -8.47374 0.908258
0.955105 -8.46139 0.908258
0.955405 -8.44906 0.908559
0.955706 -8.43676 0.908559
0.956006 -8.42447 0.908859
0.956306 -8.41222 0.909159
0.956607 -8.39998 0.909159
0.956907 -8.38777 0.909459
0.957207 -8.37557 0.909459
0.957508 -8.36341  0.90976
0.957808 -8.35125  0.90976
0.958108 -8.33913  0.91006
0.958408 -8.32703  0.91006
0.958709 -8.31495  0.91036
0.959009 -8.30289  0.91036
0.959309 -8.29086 0.910661
 0.95961 -8.27885 0.910661
 0.95991 -8.26685 0.910961
 0.96021 -8.25489 0.910961
0.960511 -8.24294 0.911261
0.960811 -8.23102 0.911261
0.961111 -8.21911 0.911562
0.961411 -8.20724 0.911562
0.961712 -8.19537 0.911862
0.962012 -8.18354 0.911862
0.962312 -8.17172 0.912162
0.962613 -8.15994 0.912462
0.962913 -8.14816 0.912462
0.963213 -8.13641 0.912763
0.963514 -8.12468 0.912763
0.963814 -8.11298 0.913063
0.964114 -8.10128 0.913063
0.964414 -8.08962 0.913363
0.964715 -8.07798 0.913363
0.965015 -8.06636 0.913664
0.965315 -8.05476 0.913664
0.965616 -8.04318 0.913964
0.965916 -8.03162 0.913964
0.966216 -8.02008 0.914264
0.966517 -8.00857 0.914264
0.966817 -7.99707 0.914565
0.967117  -7.9856 0.914565
0.967417 -7.97415 0.914865
0.967718 -7.96272 0.914865
0.968018  -7.9513 0.915165
0.968318 -7.93992 0.915165
0.968619 -7.92854 0.915465
0.968919  -7.9172 0.915465
0.969219 -7.90587 0.915766
 0.96952 -7.89457 0.916066
 0.96982 -7.88327 0.916066
 0.97012 -7.87201 0.916366
 0.97042 -7.86076 0.916366
0.970721 -7.84954 0.916667
0.971021 -7.83833 0.916667
0.971321 -7.82715 0.916967
0.971622 -7.81598 0.916967
0.971922 -7.80484 0.917267
0.972222 -7.79371 0.917267
0.972523 -7.78261 0.917568
0.972823 -7.77153 0.917568
0.973123 -7.76046 0.917868
0.973423 -7.74942 0.917868
0.973724  -7.7384 0.918168
0.974024 -7.72739 0.918168
0.974324 -7.71641 0.918468
0.974625 -7.70545 0.918468
0.974925  -7.6945 0.918769
0.975225 -7.68358 0.918769
0.975526 -7.67267 0.919069
0.975826 -7.66179 0.919069
0.976126 -7.65092 0.919369
0.976426 -7.64008 0.919369
0.976727 -7.62925  0.91967
0.977027 -7.61845  0.91997
0.977327 -7.60766  0.91997
0.977628 -7.59689  0.92027
0.977928 -7.58614  0.92027
0.978228 -7.57542 0.920571
0.978529  -7.5647 0.920571
0.978829 -7.55402 0.920871
0.979129 -7.54334 0.920871
0.979429 -7.53269 0.921171
 0.97973 -7.52206 0.921171
 0.98003 -7.51144 0.921471
 0.98033 -7.50085 0.921471
0.980631 -7.49027 0.921772
0.980931 -7.47972 0.921772
0.981231 -7.46918 0.922072
0.981532 -7.45866 0.922072
0.981832 -7.44816 0.922372
0.982132 -7.43768 0.922372
0.982432 -7.42722 0.922673
0.982733 -7.41678 0.922673
0.983033 -7.40635 0.922973
0.983333 -7.39595 0.922973
0.983634 -7.38555 0.923273
0.983934 -7.37519 0.923574
0.984234 -7.36483 0.923574
0.984535 -7.35451 0.923874
0.984835 -7.34419 0.923874
0.985135  -7.3339 0.924174
0.985435 -7.32362 0.924174
0.985736 -7.31336 0.924474
0.986036 -7.30312 0.924474
0.986336  -7.2929 0.924775
0.986637 -7.28269 0.924775
0.986937 -7.27251 0.925075
0.987237 -7.26234 0.925075
0.987538 -7.25219 0.925375
0.987838 -7.24206 0.925375
0.988138 -7.23194 0.925676
0.988438 -7.22185 0.925676
0.988739 -7.21177 0.925976
0.989039 -7.20171 0.925976
0.989339 -7.19167 0.926276
 0.98964 -7.18165 0.926276
 0.98994 -7.17164 0.926577
 0.99024 -7.16165 0.926577
0.990541 -7.15168 0.926877
0.990841 -7.14173 0.927177
0.991141 -7.13179 0.927177
0.991441 -7.12188 0.927477
0.991742 -7.11197 0.927477
0.992042 -7.10209 0.927778
0.992342 -7.09222 0.927778
0.992643 -7.08238 0.928078
0.992943 -7.07254 0.928078
0.993243 -7.06273 0.928378
0.993544 -7.05293 0.928378
0.993844 -7.04316 0.928679
0.994144 -7.03339 0.928679
0.994444 -7.02365 0.928979
0.994745 -7.01392 0.928979
0.995045 -7.00421 0.929279
0.995345 -6.99452 0.929279
0.995646 -6.98484  0.92958
0.995946 -6.97519  0.92958
0.996246 -6.96554  0.92988
0.996547 -6.95592  0.92988
0.996847 -6.94631  0.93018
0.997147 -6.93672  0.93018
0.997447 -6.92714  0.93048
0.997748 -6.91759  0.93048
0.998048 -6.90804 0.930781
0.998348 -6.89853 0.931081
0.998649 -6.88901 0.931081
0.998949 -6.87953 0.931381
0.999249 -6.87005 0.931381
 0.99955  -6.8606 0.931682
 0.99985 -6.85115 0.931682
 1.00015 -6.84173 0.931982
 1.00045 -6.83232 0.931982
 1.00075 -6.82293 0.932282
 1.00105 -6.81355 0.932282
 1.00135  -6.8042 0.932583
 1.00165 -6.79485 0.932583
 1.00195 -6.78553 0.932883
 1.00225 -6.77622 0.932883
 1.00255 -6.76692 0.933183
 1.00285 -6.75765 0.933183
 1.00315 -6.74839 0.933483
 1.00345 -6.73914 0.933483
 1.00375 -6.72991 0.933784
 1.00405  -6.7207 0.933784
 1.00435  -6.7115 0.934084
 1.00465 -6.70233 0.934084
 1.00495 -6.69316 0.934384
 1.00526 -6.68401 0.934685
 1.00556 -6.67488 0.934685
 1.00586 -6.66576 0.934985
 1.00616 -6.65666 0.934985
 1.00646 -6.64758 0.935285
 1.00676  -6.6385 0.935285
 1.00706 -6.62945 0.935586
 1.00736 -6.62041 0.935586
 1.00766 -6.61139 0.935886
 1.00796 -6.60238 0.935886
 1.00826 -6.59339 0.936186
 1.00856 -6.58442 0.936186
 1.00886 -6.57546 0.936486
 1.00916 -6.56651 0.936486
 1.00946 -6.55758 0.936787
 1.00976 -6.54867 0.936787
 1.01006 -6.53977 0.937087
 1.01036 -6.53089 0.937087
 1.01066 -6.52202 0.937387
 1.01096 -6.51317 0.937387
 1.01126 -6.50433 0.937688
 1.01156 -6.49551 0.937688
 1.01186  -6.4867 0.937988
 1.01216 -6.47792 0.937988
 1.01246 -6.46914 0.938288
 1.01276 -6.46038 0.938589
 1.01306 -6.45163 0.938589
 1.01336  -6.4429 0.938889
 1.01366 -6.43418 0.938889
 1.01396 -6.42549 0.939189
 1.01426  -6.4168 0.939189
 1.01456 -6.40813 0.939489
 1.01486 -6.39947 0.939489
 1.01517 -6.39083  0.93979
 1.01547  -6.3822  0.93979
 1.01577 -6.37359  0.94009
 1.01607 -6.36499  0.94009
 1.01637 -6.35641  0.94039
 1.01667 -6.34785  0.94039
 1.01697 -6.33929 0.940691
 1.01727 -6.33076 0.940691
 1.01757 -6.32223 0.940991
 1.01787 -6.31373 0.940991
 1.01817 -6.30523 0.941291
 1.01847 -6.29675 0.941291
 1.01877 -6.28828 0.941592
 1.01907 -6.27984 0.941592
 1.01937  -6.2714 0.941892
 1.01967 -6.26298 0.942192
 1.01997 -6.25457 0.942192
 1.02027 -6.24618 0.942492
 1.02057  -6.2378 0.942492
 1.02087 -6.22943 0.942793
 1.02117 -6.22108 0.942793
 1.02147 -6.21275 0.943093
 1.02177 -6.20442 0.943093
 1.02207 -6.19612 0.943393
 1.02237 -6.18782 0.943393
 1.02267 -6.17955 0.943694
 1.02297 -6.17128 0.943694
 1.02327 -6.16303 0.943994
 1.02357 -6.15479 0.943994
 1.02387 -6.14657 0.944294
 1.02417 -6.13836 0.944294
 1.02447 -6.13016 0.944595
 1.02477 -6.12198 0.944595
 1.02508 -6.11381 0.944895
 1.02538 -6.10566 0.944895
 1.02568 -6.09752 0.945195
 1.02598  -6.0894 0.945195
 1.02628 -6.08128 0.945495
 1.02658 -6.07319 0.945495
 1.02688  -6.0651 0.945796
 1.02718 -6.05703 0.946096
 1.02748 -6.04897 0.946096
 1.02778 -6.04093 0.946396
 1.02808  -6.0329 0.946396
 1.02838 -6.02488 0.946697
 1.02868 -6.01688 0.946697
 1.02898 -6.00889 0.946997
 1.02928 -6.00091 0.946997
 1.02958 -5.99295 0.947297
 1.02988   -5.985 0.947297
 1.03018 -5.97707 0.947598
 1.03048 -5.96914 0.947598
 1.03078 -5.96124 0.947898
 1.03108 -5.95334 0.947898
 1.03138 -5.94546 0.948198
 1.03168 -5.93759 0.948198
 1.03198 -5.92973 0.948498
 1.03228 -5.92189 0.948498
 1.03258 -5.91406 0.948799
 1.03288 -5.90625 0.948799
 1.03318 -5.89844 0.949099
 1.03348 -5.89065 0.949099
 1.03378 -5.88287 0.949399
 1.03408 -5.87511 0.949399
 1.03438 -5.86736   0.9497
 1.03468 -5.85963     0.95
 1.03498  -5.8519     0.95
 1.03529 -5.84419   0.9503
 1.03559 -5.83649   0.9503
 1.03589  -5.8288 0.950601
 1.03619 -5.82113 0.950601
 1.03649 -5.81347 0.950901
 1.03679 -5.80582 0.950901
 1.03709 -5.79819 0.951201
 1.03739 -5.79056 0.951201
 1.03769 -5.78295 0.951502
 1.03799 -5.77536 0.951502
 1.03829 -5.76777 0.951802
 1.03859  -5.7602 0.951802
 1.03889 -5.75264 0.952102
 1.03919  -5.7451 0.952102
 1.03949 -5.73756 0.952402
 1.03979 -5.73004 0.952402
 1.04009 -5.72253 0.952703
 1.04039 -5.71504 0.952703
 1.04069 -5.70756 0.953003
 1.04099 -5.70009 0.953003
 1.04129 -5.69263 0.953303
 1.04159 -5.68518 0.953303
 1.04189 -5.67775 0.953604
 1.04219 -5.67033 0.953904
 1.04249 -5.66292 0.953904
 1.04279 -5.65552 0.954204
 1.04309 -5.64814 0.954204
 1.04339 -5.64077 0.954505
 1.04369  -5.6334 0.954505
 1.04399 -5.62606 0.954805
 1.04429 -5.61872 0.954805
 1.04459  -5.6114 0.955105
 1.04489 -5.60409 0.955105
  1.0452 -5.59679 0.955405
  1.0455  -5.5895 0.955405
  1.0458 -5.58223 0.955706
  1.0461 -5.57496 0.955706
  1.0464 -5.56771 0.956006
  1.0467 -5.56048 0.956006
   1.047 -5.55325 0.956306
  1.0473 -5.54603 0.956306
  1.0476 -5.53883 0.956607
  1.0479 -5.53164 0.956607
  1.0482 -5.52446 0.956907
  1.0485 -5.51729 0.956907
  1.0488 -5.51014 0.957207
  1.0491   -5.503 0.957207
  1.0494 -5.49586 0.957508
  1.0497 -5.48874 0.957808
    1.05 -5.48163 0.957808
  1.0503 -5.47454 0.958108
  1.0506 -5.46745 0.958108
  1.0509 -5.46038 0.958408
  1.0512 -5.45331 0.958408
  1.0515 -5.44627 0.958709
  1.0518 -5.43923 0.958709
  1.0521  -5.4322 0.959009
  1.0524 -5.42518 0.959009
  1.0527 -5.41818 0.959309
   1.053 -5.41119 0.959309
  1.0533 -5.40421  0.95961
  1.0536 -5.39724  0.95961
  1.0539 -5.39028  0.95991
  1.0542 -5.38333  0.95991
  1.0545  -5.3764  0.96021
  1.0548 -5.36947  0.96021
 1.05511 -5.36256 0.960511
 1.05541 -5.35566 0.960511
 1.05571 -5.34877 0.960811
 1.05601 -5.34189 0.960811
 1.05631 -5.33502 0.961111
 1.05661 -5.32817 0.961111
 1.05691 -5.32132 0.961411
 1.05721 -5.31449 0.961411
 1.05751 -5.30766 0.961712
 1.05781 -5.30086 0.962012
 1.05811 -5.29405 0.962012
 1.05841 -5.28727 0.962312
 1.05871 -5.28048 0.962312
 1.05901 -5.27372 0.962613
 1.05931 -5.26696 0.962613
 1.05961 -5.26022 0.962913
 1.05991 -5.25348 0.962913
 1.06021 -5.24676 0.963213
 1.06051 -5.24005 0.963213
 1.06081 -5.23335 0.963514
 1.06111 -5.22666 0.963514
 1.06141 -5.21998 0.963814
 1.06171 -5.21331 0.963814
 1.06201 -5.20665 0.964114
 1.06231     -5.2 0.964114
 1.06261 -5.19336 0.964414
 1.06291 -5.18674 0.964414
 1.06321 -5.18012 0.964715
 1.06351 -5.17352 0.964715
 1.06381 -5.16693 0.965015
 1.06411 -5.16035 0.965015
 1.06441 -5.15377 0.965315
 1.06471 -5.14721 0.965315
 1.06502 -5.14066 0.965616
 1.06532 -5.13412 0.965916
 1.06562 -5.12759 0.965916
 1.06592 -5.12107 0.966216
 1.06622 -5.11456 0.966216
 1.06652 -5.10807 0.966517
 1.06682 -5.10158 0.966517
 1.06712  -5.0951 0.966817
 1.06742 -5.08863 0.966817
 1.06772 -5.08218 0.967117
 1.06802 -5.07573 0.967117
 1.06832  -5.0693 0.967417
 1.06862 -5.06287 0.967417
 1.06892 -5.05646 0.967718
 1.06922 -5.05005 0.967718
 1.06952 -5.04366 0.968018
 1.06982 -5.03728 0.968018
 1.07012  -5.0309 0.968318
 1.07042 -5.02454 0.968318
 1.07072 -5.01818 0.968619
 1.07102 -5.01184 0.968619
 1.07132 -5.00551 0.968919
 1.07162 -4.99919 0.968919
 1.07192 -4.99287 0.969219
 1.07222 -4.98658 0.969219
 1.07252 -4.98028  0.96952
 1.07282   -4.974  0.96952
 1.07312 -4.96773  0.96982
 1.07342 -4.96147  0.97012
 1.07372 -4.95521  0.97012
 1.07402 -4.94897  0.97042
 1.07432 -4.94274  0.97042
 1.07462 -4.93652 0.970721
 1.07492 -4.93031 0.970721
 1.07523 -4.92411 0.971021
 1.07553 -4.91791 0.971021
 1.07583 -4.91173 0.971321
 1.07613 -4.90556 0.971321
 1.07643  -4.8994 0.971622
 1.07673 -4.89324 0.971622
 1.07703  -4.8871 0.971922
 1.07733 -4.88097 0.971922
 1.07763 -4.87485 0.972222
 1.07793 -4.86873 0.972222
 1.07823 -4.86263 0.972523
 1.07853 -4.85654 0.972523
 1.07883 -4.85045 0.972823
 1.07913 -4.84438 0.972823
 1.07943 -4.83831 0.973123
 1.07973 -4.83226 0.973123
 1.08003 -4.82621 0.973423
 1.08033 -4.82018 0.973423
 1.08063 -4.81415 0.973724
 1.08093 -4.80814 0.974024
 1.08123 -4.80213 0.974024
 1.08153 -4.79613 0.974324
 1.08183 -4.79014 0.974324
 1.08213 -4.78416 0.974625
 1.08243 -4.77819 0.974625
 1.08273 -4.77223 0.974925
 1.08303 -4.76628 0.974925
 1.08333 -4.76034 0.975225
 1.08363 -4.75441 0.975225
 1.08393 -4.74849 0.975526
 1.08423 -4.74258 0.975526
 1.08453 -4.73667 0.975826
 1.08483 -4.73078 0.975826
 1.08514  -4.7249 0.976126
 1.08544 -4.71902 0.976126
 1.08574 -4.71315 0.976426
 1.08604  -4.7073 0.976426
 1.08634 -4.70145 0.976727
 1.08664 -4.69561 0.976727
 1.08694 -4.68978 0.977027
 1.08724 -4.68397 0.977027
 1.08754 -4.67815 0.977327
 1.08784 -4.67235 0.977327
 1.08814 -4.66656 0.977628
 1.08844 -4.66078 0.977628
 1.08874   -4.655 0.977928
 1.08904 -4.64924 0.978228
 1.08934 -4.64348 0.978228
 1.08964 -4.63774 0.978529
 1.08994   -4.632 0.978529
 1.09024 -4.62627 0.978829
 1.09054 -4.62055 0.978829
 1.09084 -4.61484 0.979129
 1.09114 -4.60914 0.979129
 1.09144 -4.60344 0.979429
 1.09174 -4.59776 0.979429
 1.09204 -4.59208  0.97973
 1.09234 -4.58642  0.97973
 1.09264 -4.58076  0.98003
 1.09294 -4.57511  0.98003
 1.09324 -4.56947  0.98033
 1.09354 -4.56384  0.98033
 1.09384 -4.55822 0.980631
 1.09414 -4.55261 0.980631
 1.09444   -4.547 0.980931
 1.09474 -4.54141 0.980931
 1.09505 -4.53582 0.981231
 1.09535 -4.53025 0.981231
 1.09565 -4.52467 0.981532
 1.09595 -4.51912 0.981532
 1.09625 -4.51356 0.981832
 1.09655 -4.50802 0.981832
 1.09685 -4.50248 0.982132
 1.09715 -4.49696 0.982432
 1.09745 -4.49144 0.982432
 1.09775 -4.48594 0.982733
 1.09805 -4.48043 0.982733
 1.09835 -4.47494 0.983033
 1.09865 -4.46946 0.983033
 1.09895 -4.46399 0.983333
 1.09925 -4.45852 0.983333
 1.09955 -4.45306 0.983634
 1.09985 -4.44761 0.983634
 1.10015 -4.44217 0.983934
 1.10045 -4.43674 0.983934
 1.10075 -4.43132 0.984234
 1.10105  -4.4259 0.984234
 1.10135 -4.42049 0.984535
 1.10165  -4.4151 0.984535
 1.10195 -4.40971 0.984835
 1.10225 -4.40433 0.984835
 1.10255 -4.39895 0.985135
 1.10285 -4.39359 0.985135
 1.10315 -4.38823 0.985435
 1.10345 -4.38288 0.985435
 1.10375 -4.37754 0.985736
 1.10405 -4.37221 0.985736
 1.10435 -4.36689 0.986036
 1.10465 -4.36157 0.986036
 1.10495 -4.35626 0.986336
 1.10526 -4.35097 0.986637
 1.10556 -4.34568 0.986637
 1.10586  -4.3404 0.986937
 1.10616 -4.33512 0.986937
 1.10646 -4.32986 0.987237
 1.10676  -4.3246 0.987237
 1.10706 -4.31935 0.987538
 1.10736  -4.3141 0.987538
 1.10766 -4.30887 0.987838
 1.10796 -4.30364 0.987838
 1.10826 -4.29843 0.988138
 1.10856 -4.29322 0.988138
 1.10886 -4.28802 0.988438
 1.10916 -4.28282 0.988438
 1.10946 -4.27764 0.988739
 1.10976 -4.27246 0.988739
 1.11006 -4.26729 0.989039
 1.11036 -4.26213 0.989039
 1.11066 -4.25698 0.989339
 1.11096 -4.25183 0.989339
 1.11126 -4.24669  0.98964
 1.11156 -4.24156  0.98964
 1.11186 -4.23644  0.98994
 1.11216 -4.23133  0.98994
 1.11246 -4.22622  0.99024
 1.11276 -4.22112  0.99024
 1.11306 -4.21603 0.990541
 1.11336 -4.21095 0.990841
 1.11366 -4.20587 0.990841
 1.11396 -4.20081 0.991141
 1.11426 -4.19575 0.991141
 1.11456  -4.1907 0.991441
 1.11486 -4.18565 0.991441
 1.11517 -4.18062 0.991742
 1.11547 -4.17559 0.991742
 1.11577 -4.17057 0.992042
 1.11607 -4.16555 0.992042
 1.11637 -4.16055 0.992342
 1.11667 -4.15555 0.992342
 1.11697 -4.15056 0.992643
 1.11727 -4.14557 0.992643
 1.11757  -4.1406 0.992943
 1.11787 -4.13563 0.992943
 1.11817 -4.13067 0.993243
 1.11847 -4.12572 0.993243
 1.11877 -4.12077 0.993544
 1.11907 -4.11584 0.993544
 1.11937 -4.11091 0.993844
 1.11967 -4.10599 0.993844
 1.11997 -4.10107 0.994144
 1.12027 -4.09616 0.994144
 1.12057 -4.09126 0.994444
 1.12087 -4.08637 0.994444
 1.12117 -4.08149 0.994745
 1.12147 -4.07661 0.995045
 1.12177 -4.07174 0.995045
 1.12207 -4.06688 0.995345
 1.12237 -4.06202 0.995345
 1.12267 -4.05717 0.995646
 1.12297 -4.05233 0.995646
 1.12327  -4.0475 0.995946
 1.12357 -4.04267 0.995946
 1.12387 -4.03785 0.996246
 1.12417 -4.03304 0.996246
 1.12447 -4.02824 0.996547
 1.12477 -4.02344 0.996547
 1.12508 -4.01865 0.996847
 1.12538 -4.01387 0.996847
 1.12568 -4.00909 0.997147
 1.12598 -4.00433 0.997147
 1.12628 -3.99957 0.997447
 1.12658 -3.99481 0.997447
 1.12688 -3.99007 0.997748
 1.12718 -3.98533 0.997748
 1.12748 -3.98059 0.998048
 1.12778 -3.97587 0.998048
 1.12808 -3.97115 0.998348
 1.12838 -3.96644 0.998348
 1.12868 -3.96174 0.998649
 1.12898 -3.95704 0.998649
 1.12928 -3.95235 0.998949
 1.12958 -3.94767 0.998949
 1.12988   -3.943 0.999249
 1.13018 -3.93833  0.99955
 1.13048 -3.93367  0.99955
 1.13078 -3.92901  0.99985
 1.13108 -3.92436  0.99985
 1.13138 -3.91973  1.00015
 1.13168 -3.91509  1.00015
 1.13198 -3.91047  1.00045
 1.13228 -3.90585  1.00045
 1.13258 -3.90123  1.00075
 1.13288 -3.89663  1.00075
 1.13318 -3.89203  1.00105
 1.13348 -3.88744  1.00105
 1.13378 -3.88285  1.00135
 1.13408 -3.87828  1.00135
 1.13438 -3.87371  1.00165
 1.13468 -3.86914  1.00165
 1.13498 -3.86458  1.00195
 1.13529 -3.86003  1.00195
 1.13559 -3.85549  1.00225
 1.13589 -3.85095  1.00225
 1.13619 -3.84642  1.00255
 1.13649  -3.8419  1.00255
 1.13679 -3.83738  1.00285
 1.13709 -3.83287  1.00285
 1.13739 -3.82837  1.00315
 1.13769 -3.82388  1.00315
 1.13799 -3.81938  1.00345
 1.13829  -3.8149  1.00375
 1.13859 -3.81042  1.00375
 1.13889 -3.80596  1.00405
 1.13919 -3.80149  1.00405
 1.13949 -3.79704  1.00435
 1.13979 -3.79259  1.00435
 1.14009 -3.78814  1.00465
 1.14039 -3.78371  1.00465
 1.14069 -3.77928  1.00495
 1.14099 -3.77485  1.00495
 1.14129 -3.77044  1.00526
 1.14159 -3.76603  1.00526
 1.14189 -3.76162  1.00556
 1.14219 -3.75723  1.00556
 1.14249 -3.75284  1.00586
 1.14279 -3.74845  1.00586
 1.14309 -3.74407  1.00616
 1.14339  -3.7397  1.00616
 1.14369 -3.73534  1.00646
 1.14399 -3.73098  1.00646
 1.14429 -3.72663  1.00676
 1.14459 -3.72229  1.00676
 1.14489 -3.71795  1.00706
  1.1452 -3.71362  1.00706
  1.1455 -3.70929  1.00736
  1.1458 -3.70497  1.00736
  1.1461 -3.70066  1.00766
  1.1464 -3.69635  1.00766
  1.1467 -3.69205  1.00796
   1.147 -3.68776  1.00826
  1.1473 -3.68347  1.00826
  1.1476 -3.67919  1.00856
  1.1479 -3.67491  1.00856
  1.1482 -3.67065  1.00886
  1.1485 -3.66638  1.00886
  1.1488 -3.66213  1.00916
  1.1491 -3.65788  1.00916
  1.1494 -3.65363  1.00946
  1.1497  -3.6494  1.00946
    1.15 -3.64516  1.00976