 kgrid  ValNew  Policy 
    0.85 -48.8304     0.85
  0.8503 -48.7998     0.85
0.850601 -48.7693     0.85
0.850901 -48.7389     0.85
0.851201 -48.7087     0.85
0.851502 -48.6785     0.85
0.851802 -48.6485     0.85
0.852102 -48.6187     0.85
0.852402 -48.5889     0.85
0.852703 -48.5593     0.85
0.853003 -48.5298   0.8503
0.853303 -48.5003   0.8503
0.853604 -48.4709 0.850601
0.853904 -48.4415 0.850901
0.854204 -48.4122 0.850901
0.854505 -48.3829 0.851201
0.854805 -48.3537 0.851201
0.855105 -48.3245 0.851502
0.855405 -48.2954 0.851802
0.855706 -48.2663 0.851802
0.856006 -48.2373 0.852102
0.856306 -48.2084 0.852402
0.856607 -48.1795 0.852402
0.856907 -48.1506 0.852703
0.857207 -48.1218 0.853003
0.857508  -48.093 0.853003
0.857808 -48.0643 0.853303
0.858108 -48.0356 0.853604
0.858408  -48.007 0.853604
0.858709 -47.9784 0.853904
0.859009 -47.9499 0.854204
0.859309 -47.9214 0.854505
 0.85961 -47.8929 0.854505
 0.85991 -47.8645 0.854805
 0.86021 -47.8362 0.855105
0.860511 -47.8078 0.855105
0.860811 -47.7796 0.855405
0.861111 -47.7513 0.855706
0.861411 -47.7231 0.855706
0.861712  -47.695 0.856006
0.862012 -47.6669 0.856306
0.862312 -47.6388 0.856607
0.862613 -47.6108 0.856607
0.862913 -47.5828 0.856907
0.863213 -47.5549 0.857207
0.863514  -47.527 0.857207
0.863814 -47.4991 0.857508
0.864114 -47.4713 0.857808
0.864414 -47.4436 0.858108
0.864715 -47.4158 0.858108
0.865015 -47.3881 0.858408
0.865315 -47.3605 0.858709
0.865616 -47.3329 0.858709
0.865916 -47.3053 0.859009
0.866216 -47.2778 0.859309
0.866517 -47.2503  0.85961
0.866817 -47.2229  0.85961
0.867117 -47.1955  0.85991
0.867417 -47.1681  0.86021
0.867718 -47.1408  0.86021
0.868018 -47.1135 0.860511
0.868318 -47.0863 0.860811
0.868619 -47.0591 0.861111
0.868919  -47.032 0.861111
0.869219 -47.0048 0.861411
 0.86952 -46.9778 0.861712
 0.86982 -46.9507 0.861712
 0.87012 -46.9237 0.862012
 0.87042 -46.8968 0.862312
0.870721 -46.8699 0.862613
0.871021  -46.843 0.862613
0.871321 -46.8161 0.862913
0.871622 -46.7893 0.863213
0.871922 -46.7626 0.863213
0.872222 -46.7358 0.863514
0.872523 -46.7091 0.863814
0.872823 -46.6825 0.864114
0.873123 -46.6559 0.864114
0.873423 -46.6293 0.864414
0.873724 -46.6028 0.864715
0.874024 -46.5763 0.865015
0.874324 -46.5499 0.865015
0.874625 -46.5234 0.865315
0.874925 -46.4971 0.865616
0.875225 -46.4707 0.865616
0.875526 -46.4444 0.865916
0.875826 -46.4181 0.866216
0.876126 -46.3919 0.866517
0.876426 -46.3657 0.866517
0.876727 -46.3396 0.866817
0.877027 -46.3135 0.867117
0.877327 -46.2874 0.867417
0.877628 -46.2613 0.867417
0.877928 -46.2353 0.867718
0.878228 -46.2094 0.868018
0.878529 -46.1834 0.868318
0.878829 -46.1575 0.868318
0.879129 -46.1316 0.868619
0.879429 -46.1058 0.868919
 0.87973   -46.08 0.868919
 0.88003 -46.0543 0.869219
 0.88033 -46.0285  0.86952
0.880631 -46.0029  0.86982
0.880931 -45.9772  0.86982
0.881231 -45.9516  0.87012
0.881532  -45.926  0.87042
0.881832 -45.9005 0.870721
0.882132  -45.875 0.870721
0.882432 -45.8495 0.871021
0.882733  -45.824 0.871321
0.883033 -45.7986 0.871622
0.883333 -45.7733 0.871622
0.883634 -45.7479 0.871922
0.883934 -45.7226 0.872222
0.884234 -45.6974 0.872523
0.884535 -45.6721 0.872523
0.884835 -45.6469 0.872823
0.885135 -45.6217 0.873123
0.885435 -45.5966 0.873423
0.885736 -45.5714 0.873724
0.886036 -45.5463 0.874024
0.886336 -45.5213 0.874024
0.886637 -45.4962 0.874324
0.886937 -45.4712 0.874625
0.887237 -45.4462 0.874925
0.887538 -45.4212 0.875225
0.887838 -45.3962 0.875526
0.888138 -45.3713 0.875526
0.888438 -45.3464 0.875826
0.888739 -45.3216 0.876126
0.889039 -45.2967 0.876426
0.889339 -45.2719 0.876727
 0.88964 -45.2471 0.876727
 0.88994 -45.2223 0.877027
 0.89024 -45.1976 0.877327
0.890541 -45.1729 0.877628
0.890841 -45.1482 0.877928
0.891141 -45.1235 0.878228
0.891441 -45.0989 0.878228
0.891742 -45.0743 0.878529
0.892042 -45.0497 0.878829
0.892342 -45.0251 0.879129
0.892643 -45.0006 0.879429
0.892943 -44.9761  0.87973
0.893243 -44.9516  0.87973
0.893544 -44.9271  0.88003
0.893844 -44.9027  0.88033
0.894144 -44.8783 0.880631
0.894444 -44.8539 0.880931
0.894745 -44.8295 0.881231
0.895045 -44.8052 0.881231
0.895345 -44.7809 0.881532
0.895646 -44.7566 0.881832
0.895946 -44.7323 0.882132
0.896246 -44.7081 0.882432
0.896547 -44.6838 0.882733
0.896847 -44.6597 0.883033
0.897147 -44.6355 0.883033
0.897447 -44.6113 0.883333
0.897748 -44.5872 0.883634
0.898048 -44.5631 0.883934
0.898348  -44.539 0.884234
0.898649  -44.515 0.884535
0.898949  -44.491 0.884535
0.899249  -44.467 0.884835
 0.89955  -44.443 0.885135
 0.89985  -44.419 0.885435
 0.90015 -44.3951 0.885736
 0.90045 -44.3712 0.886036
0.900751 -44.3473 0.886036
0.901051 -44.3234 0.886336
0.901351 -44.2996 0.886637
0.901652 -44.2758 0.886937
0.901952  -44.252 0.887237
0.902252 -44.2282 0.887538
0.902553 -44.2045 0.887838
0.902853 -44.1807 0.887838
0.903153  -44.157 0.888138
0.903453 -44.1333 0.888438
0.903754 -44.1097 0.888739
0.904054  -44.086 0.889039
0.904354 -44.0624 0.889339
0.904655 -44.0388  0.88964
0.904955 -44.0152  0.88964
0.905255 -43.9917  0.88994
0.905556 -43.9681  0.89024
0.905856 -43.9446 0.890541
0.906156 -43.9211 0.890841
0.906456 -43.8977 0.891141
0.906757 -43.8742 0.891441
0.907057 -43.8508 0.891441
0.907357 -43.8274 0.891742
0.907658  -43.804 0.892042
0.907958 -43.7807 0.892342
0.908258 -43.7573 0.892643
0.908559  -43.734 0.892943
0.908859 -43.7107 0.893243
0.909159 -43.6875 0.893243
0.909459 -43.6642 0.893544
 0.90976  -43.641 0.893844
 0.91006 -43.6178 0.894144
 0.91036 -43.5946 0.894444
0.910661 -43.5714 0.894745
0.910961 -43.5483 0.895045
0.911261 -43.5252 0.895045
0.911562  -43.502 0.895345
0.911862  -43.479 0.895646
0.912162 -43.4559 0.895946
0.912462 -43.4329 0.896246
0.912763 -43.4098 0.896547
0.913063 -43.3869 0.896847
0.913363 -43.3639 0.896847
0.913664 -43.3409 0.897147
0.913964  -43.318 0.897447
0.914264 -43.2951 0.897748
0.914565 -43.2722 0.898048
0.914865 -43.2493 0.898348
0.915165 -43.2265 0.898649
0.915465 -43.2036 0.898949
0.915766 -43.1808 0.898949
0.916066  -43.158 0.899249
0.916366 -43.1353  0.89955
0.916667 -43.1125  0.89985
0.916967 -43.0898  0.90015
0.917267 -43.0671  0.90045
0.917568 -43.0444 0.900751
0.917868 -43.0217 0.900751
0.918168 -42.9991 0.901051
0.918468 -42.9765 0.901351
0.918769 -42.9539 0.901652
0.919069 -42.9313 0.901952
0.919369 -42.9087 0.902252
 0.91967 -42.8862 0.902553
 0.91997 -42.8636 0.902553
 0.92027 -42.8411 0.902853
0.920571 -42.8186 0.903153
0.920871 -42.7962 0.903453
0.921171 -42.7737 0.903754
0.921471 -42.7513 0.904054
0.921772 -42.7289 0.904354
0.922072 -42.7065 0.904354
0.922372 -42.6842 0.904655
0.922673 -42.6618 0.904955
0.922973 -42.6395 0.905255
0.923273 -42.6172 0.905556
0.923574 -42.5949 0.905856
0.923874 -42.5726 0.906156
0.924174 -42.5504 0.906456
0.924474 -42.5281 0.906757
0.924775 -42.5059 0.906757
0.925075 -42.4837 0.907057
0.925375 -42.4615 0.907357
0.925676 -42.4394 0.907658
0.925976 -42.4172 0.907958
0.926276 -42.3951 0.908258
0.926577  -42.373 0.908559
0.926877 -42.3509 0.908859
0.927177 -42.3288 0.908859
0.927477 -42.3068 0.909159
0.927778 -42.2848 0.909459
0.928078 -42.2627  0.90976
0.928378 -42.2407  0.91006
0.928679 -42.2188  0.91036
0.928979 -42.1968 0.910661
0.929279 -42.1749 0.910961
 0.92958 -42.1529 0.910961
 0.92988  -42.131 0.911261
 0.93018 -42.1091 0.911562
 0.93048 -42.0873 0.911862
0.930781 -42.0654 0.912162
0.931081 -42.0436 0.912462
0.931381 -42.0218 0.912763
0.931682      -42 0.913063
0.931982 -41.9782 0.913363
0.932282 -41.9564 0.913363
0.932583 -41.9347 0.913664
0.932883 -41.9129 0.913964
0.933183 -41.8912 0.914264
0.933483 -41.8695 0.914565
0.933784 -41.8479 0.914865
0.934084 -41.8262 0.915165
0.934384 -41.8046 0.915465
0.934685 -41.7829 0.915465
0.934985 -41.7613 0.915766
0.935285 -41.7397 0.916066
0.935586 -41.7182 0.916366
0.935886 -41.6966 0.916667
0.936186 -41.6751 0.916967
0.936486 -41.6536 0.917267
0.936787 -41.6321 0.917568
0.937087 -41.6106 0.917868
0.937387 -41.5891 0.917868
0.937688 -41.5677 0.918168
0.937988 -41.5462 0.918468
0.938288 -41.5248 0.918769
0.938589 -41.5034 0.919069
0.938889  -41.482 0.919369
0.939189 -41.4607  0.91967
0.939489 -41.4393  0.91997
 0.93979  -41.418  0.92027
 0.94009 -41.3967  0.92027
 0.94039 -41.3754 0.920571
0.940691 -41.3541 0.920871
0.940991 -41.3328 0.921171
0.941291 -41.3116 0.921471
0.941592 -41.2904 0.921772
0.941892 -41.2692 0.922072
0.942192  -41.248 0.922372
0.942492 -41.2268 0.922673
0.942793 -41.2056 0.922673
0.943093 -41.1845 0.922973
0.943393 -41.1634 0.923273
0.943694 -41.1422 0.923574
0.943994 -41.1212 0.923874
0.944294 -41.1001 0.924174
0.944595  -41.079 0.924474
0.944895  -41.058 0.924775
0.945195  -41.037 0.925075
0.945495 -41.0159 0.925075
0.945796 -40.9949 0.925375
0.946096  -40.974 0.925676
0.946396  -40.953 0.925976
0.946697 -40.9321 0.926276
0.946997 -40.9111 0.926577
0.947297 -40.8902 0.926877
0.947598 -40.8693 0.927177
0.947898 -40.8484 0.927477
0.948198 -40.8276 0.927477
0.948498 -40.8067 0.927778
0.948799 -40.7859 0.928078
0.949099 -40.7651 0.928378
0.949399 -40.7443 0.928679
  0.9497 -40.7235 0.928979
    0.95 -40.7027 0.929279
  0.9503  -40.682  0.92958
0.950601 -40.6612  0.92988
0.950901 -40.6405  0.92988
0.951201 -40.6198  0.93018
0.951502 -40.5991  0.93048
0.951802 -40.5785 0.930781
0.952102 -40.5578 0.931081
0.952402 -40.5372 0.931381
0.952703 -40.5165 0.931682
0.953003 -40.4959 0.931982
0.953303 -40.4753 0.932282
0.953604 -40.4548 0.932282
0.953904 -40.4342 0.932583
0.954204 -40.4137 0.932883
0.954505 -40.3931 0.933183
0.954805 -40.3726 0.933483
0.955105 -40.3521 0.933784
0.955405 -40.3316 0.934084
0.955706 -40.3112 0.934384
0.956006 -40.2907 0.934685
0.956306 -40.2703 0.934685
0.956607 -40.2499 0.934985
0.956907 -40.2295 0.935285
0.957207 -40.2091 0.935586
0.957508 -40.1887 0.935886
0.957808 -40.1683 0.936186
0.958108  -40.148 0.936486
0.958408 -40.1277 0.936787
0.958709 -40.1074 0.937087
0.959009 -40.0871 0.937387
0.959309 -40.0668 0.937387
 0.95961 -40.0465 0.937688
 0.95991 -40.0263 0.937988
 0.96021  -40.006 0.938288
0.960511 -39.9858 0.938589
0.960811 -39.9656 0.938889
0.961111 -39.9454 0.939189
0.961411 -39.9253 0.939489
0.961712 -39.9051  0.93979
0.962012  -39.885  0.93979
0.962312 -39.8648  0.94009
0.962613 -39.8447  0.94039
0.962913 -39.8246 0.940691
0.963213 -39.8046 0.940991
0.963514 -39.7845 0.941291
0.963814 -39.7644 0.941592
0.964114 -39.7444 0.941892
0.964414 -39.7244 0.942192
0.964715 -39.7044 0.942192
0.965015 -39.6844 0.942492
0.965315 -39.6644 0.942793
0.965616 -39.6445 0.943093
0.965916 -39.6245 0.943393
0.966216 -39.6046 0.943694
0.966517 -39.5847 0.943994
0.966817 -39.5648 0.944294
0.967117 -39.5449 0.944595
0.967417  -39.525 0.944895
0.967718 -39.5052 0.944895
0.968018 -39.4853 0.945195
0.968318 -39.4655 0.945495
0.968619 -39.4457 0.945796
0.968919 -39.4259 0.946096
0.969219 -39.4061 0.946396
 0.96952 -39.3863 0.946697
 0.96982 -39.3666 0.946997
 0.97012 -39.3468 0.947297
 0.97042 -39.3271 0.947598
0.970721 -39.3074 0.947598
0.971021 -39.2877 0.947898
0.971321  -39.268 0.948198
0.971622 -39.2484 0.948498
0.971922 -39.2287 0.948799
0.972222 -39.2091 0.949099
0.972523 -39.1895 0.949399
0.972823 -39.1698   0.9497
0.973123 -39.1503     0.95
0.973423 -39.1307   0.9503
0.973724 -39.1111   0.9503
0.974024 -39.0916 0.950601
0.974324  -39.072 0.950901
0.974625 -39.0525 0.951201
0.974925  -39.033 0.951502
0.975225 -39.0135 0.951802
0.975526  -38.994 0.952102
0.975826 -38.9746 0.952402
0.976126 -38.9551 0.952703
0.976426 -38.9357 0.952703
0.976727 -38.9163 0.953003
0.977027 -38.8969 0.953303
0.977327 -38.8775 0.953604
0.977628 -38.8581 0.953904
0.977928 -38.8387 0.954204
0.978228 -38.8194 0.954505
0.978529    -38.8 0.954805
0.978829 -38.7807 0.955105
0.979129 -38.7614 0.955405
0.979429 -38.7421 0.955405
 0.97973 -38.7228 0.955706
 0.98003 -38.7036 0.956006
 0.98033 -38.6843 0.956306
0.980631 -38.6651 0.956607
0.980931 -38.6458 0.956907
0.981231 -38.6266 0.957207
0.981532 -38.6074 0.957508
0.981832 -38.5883 0.957808
0.982132 -38.5691 0.958108
0.982432 -38.5499 0.958108
0.982733 -38.5308 0.958408
0.983033 -38.5117 0.958709
0.983333 -38.4926 0.959009
0.983634 -38.4734 0.959309
0.983934 -38.4544  0.95961
0.984234 -38.4353  0.95991
0.984535 -38.4162  0.96021
0.984835 -38.3972 0.960511
0.985135 -38.3782 0.960811
0.985435 -38.3592 0.960811
0.985736 -38.3401 0.961111
0.986036 -38.3212 0.961411
0.986336 -38.3022 0.961712
0.986637 -38.2832 0.962012
0.986937 -38.2643 0.962312
0.987237 -38.2453 0.962613
0.987538 -38.2264 0.962913
0.987838 -38.2075 0.963213
0.988138 -38.1886 0.963514
0.988438 -38.1697 0.963514
0.988739 -38.1509 0.963814
0.989039  -38.132 0.964114
0.989339 -38.1132 0.964414
 0.98964 -38.0944 0.964715
 0.98994 -38.0755 0.965015
 0.99024 -38.0567 0.965315
0.990541  -38.038 0.965616
0.990841 -38.0192 0.965916
0.991141 -38.0004 0.966216
0.991441 -37.9817 0.966216
0.991742  -37.963 0.966517
0.992042 -37.9442 0.966817
0.992342 -37.9255 0.967117
0.992643 -37.9068 0.967417
0.992943 -37.8882 0.967718
0.993243 -37.8695 0.968018
0.993544 -37.8509 0.968318
0.993844 -37.8322 0.968619
0.994144 -37.8136 0.968919
0.994444  -37.795 0.968919
0.994745 -37.7764 0.969219
0.995045 -37.7578  0.96952
0.995345 -37.7392  0.96982
0.995646 -37.7207  0.97012
0.995946 -37.7021  0.97042
0.996246 -37.6836 0.970721
0.996547 -37.6651 0.971021
0.996847 -37.6466 0.971321
0.997147 -37.6281 0.971622
0.997447 -37.6096 0.971622
0.997748 -37.5911 0.971922
0.998048 -37.5727 0.972222
0.998348 -37.5542 0.972523
0.998649 -37.5358 0.972823
0.998949 -37.5174 0.973123
0.999249  -37.499 0.973423
 0.99955 -37.4806 0.973724
 0.99985 -37.4622 0.974024
 1.00015 -37.4439 0.974324
 1.00045 -37.4255 0.974324
 1.00075 -37.4072 0.974625
 1.00105 -37.3889 0.974925
 1.00135 -37.3706 0.975225
 1.00165 -37.3523 0.975526
 1.00195  -37.334 0.975826
 1.00225 -37.3157 0.976126
 1.00255 -37.2974 0.976426
 1.00285 -37.2792 0.976727
 1.00315  -37.261 0.977027
 1.00345 -37.2428 0.977027
 1.00375 -37.2245 0.977327
 1.00405 -37.2063 0.977628
 1.00435 -37.1882 0.977928
 1.00465   -37.17 0.978228
 1.00495 -37.1518 0.978529
 1.00526 -37.1337 0.978829
 1.00556 -37.1156 0.979129
 1.00586 -37.0975 0.979429
 1.00616 -37.0794  0.97973
 1.00646 -37.0613  0.97973
 1.00676 -37.0432  0.98003
 1.00706 -37.0251  0.98033
 1.00736 -37.0071 0.980631
 1.00766  -36.989 0.980931
 1.00796  -36.971 0.981231
 1.00826  -36.953 0.981532
 1.00856  -36.935 0.981832
 1.00886  -36.917 0.982132
 1.00916  -36.899 0.982432
 1.00946  -36.881 0.982432
 1.00976 -36.8631 0.982733
 1.01006 -36.8451 0.983033
 1.01036 -36.8272 0.983333
 1.01066 -36.8093 0.983634
 1.01096 -36.7914 0.983934
 1.01126 -36.7735 0.984234
 1.01156 -36.7556 0.984535
 1.01186 -36.7378 0.984835
 1.01216 -36.7199 0.985135
 1.01246 -36.7021 0.985435
 1.01276 -36.6842 0.985435
 1.01306 -36.6664 0.985736
 1.01336 -36.6486 0.986036
 1.01366 -36.6308 0.986336
 1.01396  -36.613 0.986637
 1.01426 -36.5953 0.986937
 1.01456 -36.5775 0.987237
 1.01486 -36.5598 0.987538
 1.01517 -36.5421 0.987838
 1.01547 -36.5243 0.988138
 1.01577 -36.5066 0.988138
 1.01607 -36.4889 0.988438
 1.01637 -36.4713 0.988739
 1.01667 -36.4536 0.989039
 1.01697 -36.4359 0.989339
 1.01727 -36.4183  0.98964
 1.01757 -36.4007  0.98994
 1.01787  -36.383  0.99024
 1.01817 -36.3654 0.990541
 1.01847 -36.3479 0.990841
 1.01877 -36.3303 0.990841
 1.01907 -36.3127 0.991141
 1.01937 -36.2951 0.991441
 1.01967 -36.2776 0.991742
 1.01997 -36.2601 0.992042
 1.02027 -36.2425 0.992342
 1.02057  -36.225 0.992643
 1.02087 -36.2075 0.992943
 1.02117   -36.19 0.993243
 1.02147 -36.1726 0.993544
 1.02177 -36.1551 0.993544
 1.02207 -36.1377 0.993844
 1.02237 -36.1202 0.994144
 1.02267 -36.1028 0.994444
 1.02297 -36.0854 0.994745
 1.02327  -36.068 0.995045
 1.02357 -36.0506 0.995345
 1.02387 -36.0332 0.995646
 1.02417 -36.0159 0.995946
 1.02447 -35.9985 0.996246
 1.02477 -35.9812 0.996246
 1.02508 -35.9638 0.996547
 1.02538 -35.9465 0.996847
 1.02568 -35.9292 0.997147
 1.02598 -35.9119 0.997447
 1.02628 -35.8946 0.997748
 1.02658 -35.8774 0.998048
 1.02688 -35.8601 0.998348
 1.02718 -35.8429 0.998649
 1.02748 -35.8256 0.998949
 1.02778 -35.8084 0.998949
 1.02808 -35.7912 0.999249
 1.02838  -35.774  0.99955
 1.02868 -35.7568  0.99985
 1.02898 -35.7396  1.00015
 1.02928 -35.7225  1.00045
 1.02958 -35.7053  1.00075
 1.02988 -35.6882  1.00105
 1.03018  -35.671  1.00135
 1.03048 -35.6539  1.00165
 1.03078 -35.6368  1.00195
 1.03108 -35.6197  1.00195
 1.03138 -35.6026  1.00225
 1.03168 -35.5856  1.00255
 1.03198 -35.5685  1.00285
 1.03228 -35.5515  1.00315
 1.03258 -35.5344  1.00345
 1.03288 -35.5174  1.00375
 1.03318 -35.5004  1.00405
 1.03348 -35.4834  1.00435
 1.03378 -35.4664  1.00465
 1.03408 -35.4494  1.00465
 1.03438 -35.4325  1.00495
 1.03468 -35.4155  1.00526
 1.03498 -35.3986  1.00556
 1.03529 -35.3816  1.00586
 1.03559 -35.3647  1.00616
 1.03589 -35.3478  1.00646
 1.03619 -35.3309  1.00676
 1.03649  -35.314  1.00706
 1.03679 -35.2972  1.00736
 1.03709 -35.2803  1.00736
 1.03739 -35.2634  1.00766
 1.03769 -35.2466  1.00796
 1.03799 -35.2298  1.00826
 1.03829  -35.213  1.00856
 1.03859 -35.1961  1.00886
 1.03889 -35.1794  1.00916
 1.03919 -35.1626  1.00946
 1.03949 -35.1458  1.00976
 1.03979  -35.129  1.01006
 1.04009 -35.1123  1.01036
 1.04039 -35.0956  1.01036
 1.04069 -35.0788  1.01066
 1.04099 -35.0621  1.01096
 1.04129 -35.0454  1.01126
 1.04159 -35.0287  1.01156
 1.04189  -35.012  1.01186
 1.04219 -34.9954  1.01216
 1.04249 -34.9787  1.01246
 1.04279 -34.9621  1.01276
 1.04309 -34.9454  1.01306
 1.04339 -34.9288  1.01306
 1.04369 -34.9122  1.01336
 1.04399 -34.8956  1.01366
 1.04429  -34.879  1.01396
 1.04459 -34.8624  1.01426
 1.04489 -34.8459  1.01456
  1.0452 -34.8293  1.01486
  1.0455 -34.8127  1.01517
  1.0458 -34.7962  1.01547
  1.0461 -34.7797  1.01577
  1.0464 -34.7632  1.01577
  1.0467 -34.7467  1.01607
   1.047 -34.7302  1.01637
  1.0473 -34.7137  1.01667
  1.0476 -34.6972  1.01697
  1.0479 -34.6808  1.01727
  1.0482 -34.6643  1.01757
  1.0485 -34.6479  1.01787
  1.0488 -34.6315  1.01817
  1.0491 -34.6151  1.01847
  1.0494 -34.5987  1.01847
  1.0497 -34.5823  1.01877
    1.05 -34.5659  1.01907
  1.0503 -34.5495  1.01937
  1.0506 -34.5332  1.01967
  1.0509 -34.5168  1.01997
  1.0512 -34.5005  1.02027
  1.0515 -34.4841  1.02057
  1.0518 -34.4678  1.02087
  1.0521 -34.4515  1.02117
  1.0524 -34.4352  1.02147
  1.0527  -34.419  1.02147
   1.053 -34.4027  1.02177
  1.0533 -34.3864  1.02207
  1.0536 -34.3702  1.02237
  1.0539 -34.3539  1.02267
  1.0542 -34.3377  1.02297
  1.0545 -34.3215  1.02327
  1.0548 -34.3053  1.02357
 1.05511 -34.2891  1.02387
 1.05541 -34.2729  1.02417
 1.05571 -34.2567  1.02417
 1.05601 -34.2406  1.02447
 1.05631 -34.2244  1.02477
 1.05661 -34.2083  1.02508
 1.05691 -34.1921  1.02538
 1.05721  -34.176  1.02568
 1.05751 -34.1599  1.02598
 1.05781 -34.1438  1.02628
 1.05811 -34.1277  1.02658
 1.05841 -34.1117  1.02688
 1.05871 -34.0956  1.02718
 1.05901 -34.0795  1.02718
 1.05931 -34.0635  1.02748
 1.05961 -34.0475  1.02778
 1.05991 -34.0314  1.02808
 1.06021 -34.0154  1.02838
 1.06051 -33.9994  1.02868
 1.06081 -33.9834  1.02898
 1.06111 -33.9674  1.02928
 1.06141 -33.9515  1.02958
 1.06171 -33.9355  1.02988
 1.06201 -33.9196  1.02988
 1.06231 -33.9036  1.03018
 1.06261 -33.8877  1.03048
 1.06291 -33.8718  1.03078
 1.06321 -33.8559  1.03108
 1.06351   -33.84  1.03138
 1.06381 -33.8241  1.03168
 1.06411 -33.8082  1.03198
 1.06441 -33.7924  1.03228
 1.06471 -33.7765  1.03258
 1.06502 -33.7607  1.03258
 1.06532 -33.7448  1.03288
 1.06562  -33.729  1.03318
 1.06592 -33.7132  1.03348
 1.06622 -33.6974  1.03378
 1.06652 -33.6816  1.03408
 1.06682 -33.6658  1.03438
 1.06712   -33.65  1.03468
 1.06742 -33.6343  1.03498
 1.06772 -33.6185  1.03529
 1.06802 -33.6028  1.03559
 1.06832 -33.5871  1.03559
 1.06862 -33.5713  1.03589
 1.06892 -33.5556  1.03619
 1.06922 -33.5399  1.03649
 1.06952 -33.5243  1.03679
 1.06982 -33.5086  1.03709
 1.07012 -33.4929  1.03739
 1.07042 -33.4773  1.03769
 1.07072 -33.4616  1.03799
 1.07102  -33.446  1.03829
 1.07132 -33.4303  1.03829
 1.07162 -33.4147  1.03859
 1.07192 -33.3991  1.03889
 1.07222 -33.3835  1.03919
 1.07252 -33.3679  1.03949
 1.07282 -33.3524  1.03979
 1.07312 -33.3368  1.04009
 1.07342 -33.3213  1.04039
 1.07372 -33.3057  1.04069
 1.07402 -33.2902  1.04099
 1.07432 -33.2747  1.04099
 1.07462 -33.2591  1.04129
 1.07492 -33.2436  1.04159
 1.07523 -33.2281  1.04189
 1.07553 -33.2127  1.04219
 1.07583 -33.1972  1.04249
 1.07613 -33.1817  1.04279
 1.07643 -33.1663  1.04309
 1.07673 -33.1508  1.04339
 1.07703 -33.1354  1.04369
 1.07733   -33.12  1.04399
 1.07763 -33.1046  1.04399
 1.07793 -33.0892  1.04429
 1.07823 -33.0738  1.04459
 1.07853 -33.0584  1.04489
 1.07883  -33.043   1.0452
 1.07913 -33.0277   1.0455
 1.07943 -33.0123   1.0458
 1.07973  -32.997   1.0461
 1.08003 -32.9816   1.0464
 1.08033 -32.9663   1.0467
 1.08063  -32.951   1.0467
 1.08093 -32.9357    1.047
 1.08123 -32.9204   1.0473
 1.08153 -32.9051   1.0476
 1.08183 -32.8899   1.0479
 1.08213 -32.8746   1.0482
 1.08243 -32.8593   1.0485
 1.08273 -32.8441   1.0488
 1.08303 -32.8289   1.0491
 1.08333 -32.8137   1.0494
 1.08363 -32.7984   1.0494
 1.08393 -32.7832   1.0497
 1.08423  -32.768     1.05
 1.08453 -32.7529   1.0503
 1.08483 -32.7377   1.0506
 1.08514 -32.7225   1.0509
 1.08544 -32.7074   1.0512
 1.08574 -32.6922   1.0515
 1.08604 -32.6771   1.0518
 1.08634  -32.662   1.0521
 1.08664 -32.6469   1.0524
 1.08694 -32.6318   1.0524
 1.08724 -32.6167   1.0527
 1.08754 -32.6016    1.053
 1.08784 -32.5865   1.0533
 1.08814 -32.5714   1.0536
 1.08844 -32.5564   1.0539
 1.08874 -32.5414   1.0542
 1.08904 -32.5263   1.0545
 1.08934 -32.5113   1.0548
 1.08964 -32.4963  1.05511
 1.08994 -32.4813  1.05511
 1.09024 -32.4663  1.05541
 1.09054 -32.4513  1.05571
 1.09084 -32.4363  1.05601
 1.09114 -32.4213  1.05631
 1.09144 -32.4064  1.05661
 1.09174 -32.3914  1.05691
 1.09204 -32.3765  1.05721
 1.09234 -32.3616  1.05751
 1.09264 -32.3467  1.05781
 1.09294 -32.3318  1.05811
 1.09324 -32.3169  1.05811
 1.09354  -32.302  1.05841
 1.09384 -32.2871  1.05871
 1.09414 -32.2722  1.05901
 1.09444 -32.2574  1.05931
 1.09474 -32.2425  1.05961
 1.09505 -32.2277  1.05991
 1.09535 -32.2128  1.06021
 1.09565  -32.198  1.06051
 1.09595 -32.1832  1.06081
 1.09625 -32.1684  1.06081
 1.09655 -32.1536  1.06111
 1.09685 -32.1388  1.06141
 1.09715  -32.124  1.06171
 1.09745 -32.1093  1.06201
 1.09775 -32.0945  1.06231
 1.09805 -32.0798  1.06261
 1.09835  -32.065  1.06291
 1.09865 -32.0503  1.06321
 1.09895 -32.0356  1.06351
 1.09925 -32.0209  1.06351
 1.09955 -32.0062  1.06381
 1.09985 -31.9915  1.06411
 1.10015 -31.9768  1.06441
 1.10045 -31.9622  1.06471
 1.10075 -31.9475  1.06502
 1.10105 -31.9328  1.06532
 1.10135 -31.9182  1.06562
 1.10165 -31.9036  1.06592
 1.10195 -31.8889  1.06622
 1.10225 -31.8743  1.06622
 1.10255 -31.8597  1.06652
 1.10285 -31.8451  1.06682
 1.10315 -31.8306  1.06712
 1.10345  -31.816  1.06742
 1.10375 -31.8014  1.06772
 1.10405 -31.7868  1.06802
 1.10435 -31.7723  1.06832
 1.10465 -31.7578  1.06862
 1.10495 -31.7432  1.06892
 1.10526 -31.7287  1.06922
 1.10556 -31.7142  1.06922
 1.10586 -31.6997  1.06952
 1.10616 -31.6852  1.06982
 1.10646 -31.6707  1.07012
 1.10676 -31.6563  1.07042
 1.10706 -31.6418  1.07072
 1.10736 -31.6273  1.07102
 1.10766 -31.6129  1.07132
 1.10796 -31.5985  1.07162
 1.10826  -31.584  1.07192
 1.10856 -31.5696  1.07192
 1.10886 -31.5552  1.07222
 1.10916 -31.5408  1.07252
 1.10946 -31.5264  1.07282
 1.10976  -31.512  1.07312
 1.11006 -31.4977  1.07342
 1.11036 -31.4833  1.07372
 1.11066 -31.4689  1.07402
 1.11096 -31.4546  1.07432
 1.11126 -31.4403  1.07462
 1.11156 -31.4259  1.07462
 1.11186 -31.4116  1.07492
 1.11216 -31.3973  1.07523
 1.11246  -31.383  1.07553
 1.11276 -31.3687  1.07583
 1.11306 -31.3544  1.07613
 1.11336 -31.3402  1.07643
 1.11366 -31.3259  1.07673
 1.11396 -31.3116  1.07703
 1.11426 -31.2974  1.07733
 1.11456 -31.2832  1.07763
 1.11486 -31.2689  1.07763
 1.11517 -31.2547  1.07793
 1.11547 -31.2405  1.07823
 1.11577 -31.2263  1.07853
 1.11607 -31.2121  1.07883
 1.11637 -31.1979  1.07913
 1.11667 -31.1838  1.07943
 1.11697 -31.1696  1.07973
 1.11727 -31.1555  1.08003
 1.11757 -31.1413  1.08033
 1.11787 -31.1272  1.08033
 1.11817 -31.1131  1.08063
 1.11847 -31.0989  1.08093
 1.11877 -31.0848  1.08123
 1.11907 -31.0707  1.08153
 1.11937 -31.0566  1.08183
 1.11967 -31.0425  1.08213
 1.11997 -31.0285  1.08243
 1.12027 -31.0144  1.08273
 1.12057 -31.0004  1.08303
 1.12087 -30.9863  1.08333
 1.12117 -30.9723  1.08333
 1.12147 -30.9582  1.08363
 1.12177 -30.9442  1.08393
 1.12207 -30.9302  1.08423
 1.12237 -30.9162  1.08453
 1.12267 -30.9022  1.08483
 1.12297 -30.8882  1.08514
 1.12327 -30.8743  1.08544
 1.12357 -30.8603  1.08574
 1.12387 -30.8463  1.08604
 1.12417 -30.8324  1.08604
 1.12447 -30.8184  1.08634
 1.12477 -30.8045  1.08664
 1.12508 -30.7906  1.08694
 1.12538 -30.7767  1.08724
 1.12568 -30.7628  1.08754
 1.12598 -30.7489  1.08784
 1.12628  -30.735  1.08814
 1.12658 -30.7211  1.08844
 1.12688 -30.7072  1.08874
 1.12718 -30.6934  1.08874
 1.12748 -30.6795  1.08904
 1.12778 -30.6657  1.08934
 1.12808 -30.6518  1.08964
 1.12838  -30.638  1.08994
 1.12868 -30.6242  1.09024
 1.12898 -30.6104  1.09054
 1.12928 -30.5966  1.09084
 1.12958 -30.5828  1.09114
 1.12988  -30.569  1.09144
 1.13018 -30.5552  1.09174
 1.13048 -30.5415  1.09174
 1.13078 -30.5277  1.09204
 1.13108  -30.514  1.09234
 1.13138 -30.5002  1.09264
 1.13168 -30.4865  1.09294
 1.13198 -30.4728  1.09324
 1.13228 -30.4591  1.09354
 1.13258 -30.4454  1.09384
 1.13288 -30.4317  1.09414
 1.13318  -30.418  1.09444
 1.13348 -30.4043  1.09444
 1.13378 -30.3906  1.09474
 1.13408  -30.377  1.09505
 1.13438 -30.3633  1.09535
 1.13468 -30.3497  1.09565
 1.13498  -30.336  1.09595
 1.13529 -30.3224  1.09625
 1.13559 -30.3088  1.09655
 1.13589 -30.2952  1.09685
 1.13619 -30.2816  1.09715
 1.13649  -30.268  1.09715
 1.13679 -30.2544  1.09745
 1.13709 -30.2408  1.09775
 1.13739 -30.2272  1.09805
 1.13769 -30.2137  1.09835
 1.13799 -30.2001  1.09865
 1.13829 -30.1866  1.09895
 1.13859 -30.1731  1.09925
 1.13889 -30.1595  1.09955
 1.13919  -30.146  1.09985
 1.13949 -30.1325  1.09985
 1.13979  -30.119  1.10015
 1.14009 -30.1055  1.10045
 1.14039  -30.092  1.10075
 1.14069 -30.0786  1.10105
 1.14099 -30.0651  1.10135
 1.14129 -30.0516  1.10165
 1.14159 -30.0382  1.10195
 1.14189 -30.0247  1.10225
 1.14219 -30.0113  1.10255
 1.14249 -29.9979  1.10285
 1.14279 -29.9845  1.10285
 1.14309 -29.9711  1.10315
 1.14339 -29.9577  1.10345
 1.14369 -29.9443  1.10375
 1.14399 -29.9309  1.10405
 1.14429 -29.9175  1.10435
 1.14459 -29.9041  1.10465
 1.14489 -29.8908  1.10495
  1.1452 -29.8774  1.10526
  1.1455 -29.8641  1.10556
  1.1458 -29.8508  1.10556
  1.1461 -29.8374  1.10586
  1.1464 -29.8241  1.10616
  1.1467 -29.8108  1.10646
   1.147 -29.7975  1.10676
  1.1473 -29.7842  1.10706
  1.1476 -29.7709  1.10736
  1.1479 -29.7577  1.10766
  1.1482 -29.7444  1.10796
  1.1485 -29.7311  1.10826
  1.1488 -29.7179  1.10826
  1.1491 -29.7046  1.10856
  1.1494 -29.6914  1.10886
  1.1497 -29.6782  1.10916
    1.15  -29.665  1.10946