TASMANIAN SG 4.0
WARNING: do not edit this manually
localpolynomial
2 1 1 1
localp
1 2 5 0 0 0 1 0 2 1 0 2 0
1  1.13724240111896280e+00 -3.55429050469346031e+00 9.57204965925092521e-01 -3.55429050469605912e+00 9.57204965905690264e-01
0
0
1 0
0 4 4 4 4 4
3 4 1 2
1 5 1 1.13724240111896280e+00 -2.41704810357449773e+00 2.09444736704405532e+00 -2.41704810357709654e+00 2.09444736702465306e+00
custom
2.00000000000000011e-01 3.00000000000000000e+00
2.00000000000000011e-01 3.00000000000000000e+00
TASMANIAN SG end
