TASMANIAN SG 4.0
WARNING: do not edit this manually
localpolynomial
2 1 1 1
localp
1 2 5 0 0 0 1 0 2 1 0 2 0
1  1.63759958719217957e+00 -3.10649196895544133e+00 1.03854442997534191e+00 -3.10649197057138249e+00 1.03854441806887099e+00
0
0
1 0
0 4 4 4 4 4
3 4 1 2
1 5 1 1.63759958719217957e+00 -1.46889238176326198e+00 2.67614401716752148e+00 -1.46889238337920291e+00 2.67614400526105056e+00
custom
2.00000000000000011e-01 3.00000000000000000e+00
2.00000000000000011e-01 3.00000000000000000e+00
TASMANIAN SG end
