TASMANIAN SG 4.0
WARNING: do not edit this manually
localpolynomial
2 1 1 1
localp
1 2 5 0 0 0 1 0 2 1 0 2 0
1  1.35949280595995803e+00 -3.23128027891137926e+00 1.05571326205561999e+00 -3.23128027901837855e+00 1.05571325021725060e+00
0
0
1 0
0 4 4 4 4 4
3 4 1 2
1 5 1 1.35949280595995803e+00 -1.87178747295142101e+00 2.41520606801557802e+00 -1.87178747305842053e+00 2.41520605617720863e+00
custom
2.00000000000000011e-01 3.00000000000000000e+00
2.00000000000000011e-01 3.00000000000000000e+00
TASMANIAN SG end
