TASMANIAN SG 4.0
WARNING: do not edit this manually
localpolynomial
2 1 1 1
localp
1 2 5 0 0 0 1 0 2 1 0 2 0
1  -1.95076657699198215e+01 3.19203928697164727e+01 3.72453385727123347e+01 3.19580324051759703e+01 2.77724121464244966e+01
0
0
1 0
0 4 4 4 4 4
3 4 1 2
1 5 1 -1.95076657699198215e+01 1.24127270997966512e+01 1.77376728027925132e+01 1.24503666352561488e+01 8.26474637650467514e+00
custom
2.00000000000000011e-01 3.00000000000000000e+00
2.00000000000000011e-01 3.00000000000000000e+00
TASMANIAN SG end
