TASMANIAN SG 4.0
WARNING: do not edit this manually
localpolynomial
2 1 1 1
localp
1 2 5 0 0 0 1 0 2 1 0 2 0
1  -2.89744346131350525e+01 4.08256495412845695e+01 4.92729909678755291e+01 4.10100452328179017e+01 3.68366862601769753e+01
0
0
1 0
0 4 4 4 4 4
3 4 1 2
1 5 1 -2.89744346131350525e+01 1.18512149281495169e+01 2.02985563547404766e+01 1.20356106196828492e+01 7.86225164704191926e+00
custom
2.00000000000000011e-01 3.00000000000000000e+00
2.00000000000000011e-01 3.00000000000000000e+00
TASMANIAN SG end
