TASMANIAN SG 4.0
WARNING: do not edit this manually
localpolynomial
2 1 1 1
localp
1 2 5 0 0 0 1 0 2 1 0 2 0
1  -4.73170997619359390e+00 1.75492808320005906e+01 1.48006209544109346e+01 -5.11926165394139190e+01 1.35266028819127087e+01
0
0
1 0
0 4 4 4 4 4
3 4 1 2
1 5 1 -4.73170997619359390e+00 1.28175708558069985e+01 1.00689109782173407e+01 -5.59243265156075111e+01 8.79489290571911475e+00
custom
2.00000000000000011e-01 3.00000000000000000e+00
2.00000000000000011e-01 3.00000000000000000e+00
TASMANIAN SG end
